ano;ente;centil;n_contribuintes;rendimentos_tributaveis_milhoes;imposto_devido_milhoes;bens_milhoes;rendimentos_isentos_milhoes
2006;BRASIL;1;241563;0,00;0,16;5281,59;481,27
2006;BRASIL;2;241563;0,00;0,22;5295,48;483,44
2006;BRASIL;3;241562;0,00;0,31;5566,27;459,87
2006;BRASIL;4;241563;0,00;0,17;5860,02;481,93
2006;BRASIL;5;241562;0,00;0,17;5193,31;464,23
2006;BRASIL;6;241563;0,00;0,13;5193,68;454,74
2006;BRASIL;7;241562;0,00;0,08;5316,54;460,86
2006;BRASIL;8;241563;0,00;0,10;5443,09;569,25
2006;BRASIL;9;241562;0,00;0,21;5274,17;536,98
2006;BRASIL;10;241563;0,00;0,16;5219,60;547,41
2006;BRASIL;11;241562;0,00;0,09;5698,88;499,67
2006;BRASIL;12;241563;73,31;0,11;5704,97;328,64
2006;BRASIL;13;241562;428,32;0,12;6712,24;702,63
2006;BRASIL;14;241563;763,65;0,11;6400,90;713,04
2006;BRASIL;15;241562;954,85;0,10;5625,27;1803,40
2006;BRASIL;16;241563;977,75;0,04;5208,95;2578,10
2006;BRASIL;17;241563;990,97;0,12;4554,92;1714,56
2006;BRASIL;18;241562;1095,53;0,23;5519,89;639,92
2006;BRASIL;19;241563;1267,82;0,17;5489,25;525,69
2006;BRASIL;20;241562;1439,88;0,17;5298,18;827,32
2006;BRASIL;21;241563;1591,95;0,23;5735,69;497,81
2006;BRASIL;22;241562;1766,67;0,21;5796,80;532,00
2006;BRASIL;23;241563;1929,54;0,24;6371,18;1260,57
2006;BRASIL;24;241562;2053,15;0,38;6177,29;421,56
2006;BRASIL;25;241563;2210,20;0,38;5980,85;444,52
2006;BRASIL;26;241562;2364,04;0,39;4995,84;441,26
2006;BRASIL;27;241563;2489,24;0,31;5651,59;427,76
2006;BRASIL;28;241562;2634,71;0,59;6570,70;636,84
2006;BRASIL;29;241563;2792,22;0,46;6635,60;465,80
2006;BRASIL;30;241562;2897,63;0,45;5022,08;849,39
2006;BRASIL;31;241563;2957,86;0,25;6257,87;637,44
2006;BRASIL;32;241562;3059,02;0,37;5497,30;390,27
2006;BRASIL;33;241563;3166,56;0,42;6132,06;422,54
2006;BRASIL;34;241563;3269,94;0,46;5825,41;366,34
2006;BRASIL;35;241562;3363,92;0,69;5863,86;379,73
2006;BRASIL;36;241563;3438,47;0,51;6052,48;340,77
2006;BRASIL;37;241562;3497,73;0,35;5642,54;458,99
2006;BRASIL;38;241563;3565,62;0,39;6087,70;356,07
2006;BRASIL;39;241562;3618,11;0,78;4960,43;247,87
2006;BRASIL;40;241563;3655,67;0,74;4942,13;245,17
2006;BRASIL;41;241562;3717,70;0,59;4746,94;272,33
2006;BRASIL;42;241563;3772,62;0,44;5166,91;280,86
2006;BRASIL;43;241562;3831,48;0,58;4863,09;200,37
2006;BRASIL;44;241563;3880,19;0,95;5427,18;381,49
2006;BRASIL;45;241562;3935,33;0,68;6438,90;369,80
2006;BRASIL;46;241563;3992,06;0,48;5121,13;270,61
2006;BRASIL;47;241562;4049,76;0,86;5326,03;273,66
2006;BRASIL;48;241563;4101,88;0,74;5786,51;217,51
2006;BRASIL;49;241562;4158,22;0,69;5408,43;229,42
2006;BRASIL;50;241563;4216,89;0,47;6427,88;217,01
2006;BRASIL;51;241563;4269,31;0,73;5759,40;288,09
2006;BRASIL;52;241562;4324,39;0,70;5971,97;300,85
2006;BRASIL;53;241563;4348,13;0,79;7462,19;374,40
2006;BRASIL;54;241562;4367,00;0,45;6372,34;339,79
2006;BRASIL;55;241563;4410,56;0,78;6675,96;259,17
2006;BRASIL;56;241562;4453,55;0,59;6509,29;306,97
2006;BRASIL;57;241563;4476,72;0,39;6263,18;241,01
2006;BRASIL;58;241562;4505,43;0,68;6648,67;249,63
2006;BRASIL;59;241563;4533,51;1,56;6219,03;287,60
2006;BRASIL;60;241562;4604,23;7,12;7138,39;403,99
2006;BRASIL;61;241563;4690,75;12,65;7261,20;366,90
2006;BRASIL;62;241562;4787,30;19,20;7258,33;425,98
2006;BRASIL;63;241563;4884,11;24,26;7932,18;512,28
2006;BRASIL;64;241562;4991,71;30,23;6956,84;425,16
2006;BRASIL;65;241563;5105,70;37,54;7132,57;361,44
2006;BRASIL;66;241562;5222,73;45,29;7502,28;445,52
2006;BRASIL;67;241563;5346,53;53,40;7599,29;443,46
2006;BRASIL;68;241563;5476,43;61,11;7275,00;453,36
2006;BRASIL;69;241562;5606,05;72,51;8351,13;394,55
2006;BRASIL;70;241563;5745,13;82,01;8148,33;773,99
2006;BRASIL;71;241562;5891,77;88,34;7513,02;423,06
2006;BRASIL;72;241563;6060,28;102,70;8130,05;469,58
2006;BRASIL;73;241562;6237,33;116,31;9183,87;504,11
2006;BRASIL;74;241563;6422,43;130,27;7906,70;460,14
2006;BRASIL;75;241562;6623,09;144,26;8880,04;643,06
2006;BRASIL;76;241563;6836,65;162,27;9238,35;569,01
2006;BRASIL;77;241562;7067,67;183,04;9371,23;630,80
2006;BRASIL;78;241563;7307,04;208,84;11048,73;742,05
2006;BRASIL;79;241562;7572,16;227,41;9955,73;664,50
2006;BRASIL;80;241563;7851,71;256,88;11402,13;1082,69
2006;BRASIL;81;241562;8125,01;285,26;12815,69;1821,44
2006;BRASIL;82;241563;8443,81;313,06;11695,59;814,19
2006;BRASIL;83;241562;8791,69;353,54;13991,65;1185,41
2006;BRASIL;84;241563;9182,63;398,93;12637,01;1021,72
2006;BRASIL;85;241563;9613,61;457,35;13045,96;1011,96
2006;BRASIL;86;241562;10086,00;532,40;13881,97;1205,74
2006;BRASIL;87;241563;10612,85;621,23;14217,11;986,71
2006;BRASIL;88;241562;11202,92;719,62;14882,96;923,75
2006;BRASIL;89;241563;11859,60;848,22;15713,31;1683,78
2006;BRASIL;90;241562;12630,31;991,73;16924,00;1060,33
2006;BRASIL;91;241563;13525,13;1178,72;17975,47;1048,77
2006;BRASIL;92;241562;14554,73;1404,07;19310,45;1370,52
2006;BRASIL;93;241563;15807,02;1697,18;20755,98;1579,44
2006;BRASIL;94;241562;17315,93;2044,97;23623,73;1302,54
2006;BRASIL;95;241563;19164,49;2478,37;25271,79;1364,79
2006;BRASIL;96;241562;21585,99;3060,23;28988,48;1772,53
2006;BRASIL;97;241563;24801,01;3801,93;32866,07;2092,64
2006;BRASIL;98;241562;29378,23;4906,86;39885,92;2652,61
2006;BRASIL;99;241563;37397,13;6838,46;50461,00;3408,70
2006;BRASIL;100;241562;75571,90;16015,39;99173,25;13837,42
2007;BRASIL;1;252251;0,00;0,11;5570,46;575,12
2007;BRASIL;2;252250;0,00;0,14;5550,66;585,78
2007;BRASIL;3;252250;0,00;0,15;5663,70;551,00
2007;BRASIL;4;252251;0,00;0,11;5574,38;578,63
2007;BRASIL;5;252250;0,00;0,06;5575,50;545,22
2007;BRASIL;6;252250;0,00;0,22;5344,81;665,18
2007;BRASIL;7;252250;0,00;0,08;5446,64;581,30
2007;BRASIL;8;252251;0,00;0,07;5921,05;535,49
2007;BRASIL;9;252250;0,00;0,14;5535,57;587,87
2007;BRASIL;10;252250;0,00;0,11;5357,61;521,49
2007;BRASIL;11;252250;0,00;0,15;5573,64;669,90
2007;BRASIL;12;252251;0,00;0,10;5593,88;530,70
2007;BRASIL;13;252250;19,29;0,10;6011,23;473,40
2007;BRASIL;14;252250;365,26;0,23;7688,19;869,55
2007;BRASIL;15;252251;747,02;0,20;7263,90;765,76
2007;BRASIL;16;252250;1041,82;0,23;7037,22;1359,21
2007;BRASIL;17;252250;1123,78;0,09;5779,38;2567,50
2007;BRASIL;18;252250;1127,56;0,05;5517,74;2924,32
2007;BRASIL;19;252251;1159,95;0,38;5289,12;1450,05
2007;BRASIL;20;252250;1307,39;0,39;6361,91;719,38
2007;BRASIL;21;252250;1498,98;0,37;5744,07;987,17
2007;BRASIL;22;252250;1669,49;0,56;6588,91;639,34
2007;BRASIL;23;252251;1861,27;0,46;6449,00;539,17
2007;BRASIL;24;252250;2059,08;0,64;7145,48;645,64
2007;BRASIL;25;252250;2222,69;0,56;7351,69;1486,07
2007;BRASIL;26;252251;2370,38;0,56;6292,19;589,83
2007;BRASIL;27;252250;2528,45;0,73;6448,69;459,95
2007;BRASIL;28;252250;2695,47;0,68;6854,47;760,87
2007;BRASIL;29;252250;2854,26;0,86;7044,05;522,64
2007;BRASIL;30;252251;3005,62;0,66;6025,94;877,07
2007;BRASIL;31;252250;3067,77;0,47;6380,83;671,00
2007;BRASIL;32;252250;3214,13;1,01;6952,40;620,52
2007;BRASIL;33;252250;3343,33;0,72;7000,05;697,78
2007;BRASIL;34;252251;3461,07;0,98;6807,56;475,70
2007;BRASIL;35;252250;3578,41;0,94;6502,89;411,97
2007;BRASIL;36;252250;3644,29;0,55;6122,15;493,51
2007;BRASIL;37;252250;3733,53;0,91;6533,07;413,64
2007;BRASIL;38;252251;3805,29;1,14;6308,50;390,41
2007;BRASIL;39;252250;3879,48;1,12;6475,87;364,88
2007;BRASIL;40;252250;3932,77;0,53;7104,86;372,51
2007;BRASIL;41;252251;3972,31;1,34;6093,88;331,61
2007;BRASIL;42;252250;4034,78;1,40;5229,11;265,56
2007;BRASIL;43;252250;4098,10;1,03;5493,76;249,74
2007;BRASIL;44;252250;4161,77;2,51;5544,62;412,70
2007;BRASIL;45;252251;4227,68;1,16;5746,42;360,66
2007;BRASIL;46;252250;4290,47;2,07;5757,26;269,09
2007;BRASIL;47;252250;4360,57;1,02;5911,34;295,51
2007;BRASIL;48;252250;4430,97;1,03;5729,78;337,02
2007;BRASIL;49;252251;4501,27;1,18;5774,08;373,58
2007;BRASIL;50;252250;4540,80;1,27;6044,35;527,82
2007;BRASIL;51;252250;4583,24;1,11;5937,36;318,35
2007;BRASIL;52;252251;4652,16;1,26;6139,38;302,07
2007;BRASIL;53;252250;4717,03;1,46;6248,32;295,04
2007;BRASIL;54;252250;4777,15;1,66;6758,67;626,30
2007;BRASIL;55;252250;4831,65;1,34;6459,54;298,51
2007;BRASIL;56;252251;4877,36;1,02;7238,81;325,23
2007;BRASIL;57;252250;4926,10;1,17;7434,71;395,97
2007;BRASIL;58;252250;4962,61;0,85;7368,80;332,62
2007;BRASIL;59;252250;5025,11;5,51;7197,39;469,09
2007;BRASIL;60;252251;5116,00;11,54;7803,95;438,33
2007;BRASIL;61;252250;5217,33;17,86;7640,14;418,16
2007;BRASIL;62;252250;5327,61;25,17;7807,55;459,91
2007;BRASIL;63;252251;5443,78;32,57;7702,60;529,46
2007;BRASIL;64;252250;5561,54;38,95;7501,40;486,77
2007;BRASIL;65;252250;5681,19;46,51;7728,68;518,67
2007;BRASIL;66;252250;5810,29;55,41;7836,57;468,94
2007;BRASIL;67;252251;5951,83;63,46;7534,68;427,04
2007;BRASIL;68;252250;6083,57;79,22;9429,58;806,00
2007;BRASIL;69;252250;6229,66;83,88;7841,56;522,38
2007;BRASIL;70;252250;6387,04;94,76;8102,20;532,64
2007;BRASIL;71;252251;6555,92;106,84;7990,65;460,43
2007;BRASIL;72;252250;6729,60;122,09;8693,14;608,38
2007;BRASIL;73;252250;6912,22;131,75;8507,59;554,62
2007;BRASIL;74;252250;7113,20;151,77;9187,90;655,97
2007;BRASIL;75;252251;7330,19;166,96;9475,97;705,14
2007;BRASIL;76;252250;7559,00;191,54;10362,26;785,28
2007;BRASIL;77;252250;7804,29;210,40;10275,88;800,38
2007;BRASIL;78;252251;8077,58;236,04;10879,99;865,49
2007;BRASIL;79;252250;8368,63;263,33;11179,83;1047,22
2007;BRASIL;80;252250;8653,30;292,04;14206,95;2505,98
2007;BRASIL;81;252250;8956,92;318,77;12746,11;1404,38
2007;BRASIL;82;252251;9291,12;347,66;12107,56;898,00
2007;BRASIL;83;252250;9675,37;390,71;13223,24;1093,86
2007;BRASIL;84;252250;10103,41;444,34;14064,70;1165,16
2007;BRASIL;85;252250;10568,45;509,49;14481,56;1238,71
2007;BRASIL;86;252251;11079,59;593,02;15323,86;1146,66
2007;BRASIL;87;252250;11647,81;684,47;15876,86;1373,53
2007;BRASIL;88;252250;12279,23;790,28;17114,39;1435,62
2007;BRASIL;89;252251;12992,07;922,29;17676,98;1191,88
2007;BRASIL;90;252250;13831,05;1083,51;19566,03;1489,85
2007;BRASIL;91;252250;14815,71;1293,10;21230,52;1561,00
2007;BRASIL;92;252250;15959,36;1542,42;22688,17;1596,31
2007;BRASIL;93;252251;17339,92;1868,47;24827,65;1749,11
2007;BRASIL;94;252250;18989,02;2252,19;27239,21;1873,12
2007;BRASIL;95;252250;21056,04;2737,37;30466,89;1976,66
2007;BRASIL;96;252250;23753,07;3376,10;34102,51;2323,22
2007;BRASIL;97;252251;27342,46;4221,83;40127,34;2494,86
2007;BRASIL;98;252250;32547,61;5447,64;47706,80;3170,57
2007;BRASIL;99;252250;41695,83;7645,89;62039,71;4090,74
2007;BRASIL;100;252250;83725,25;17694,75;125656,73;17516,97
2008;BRASIL;1;257728;0,00;0,09;6693,13;658,29
2008;BRASIL;2;257728;0,00;0,06;6643,48;772,27
2008;BRASIL;3;257727;0,00;0,10;6575,48;933,81
2008;BRASIL;4;257728;0,00;0,07;6563,13;727,32
2008;BRASIL;5;257728;0,00;0,06;6726,53;741,61
2008;BRASIL;6;257727;0,00;0,06;6933,18;661,89
2008;BRASIL;7;257728;0,00;0,10;6659,69;755,23
2008;BRASIL;8;257727;0,00;0,11;6671,34;639,45
2008;BRASIL;9;257728;0,00;0,05;6646,98;923,83
2008;BRASIL;10;257728;0,00;0,09;6579,50;748,31
2008;BRASIL;11;257727;0,00;0,06;6609,33;738,18
2008;BRASIL;12;257728;19,49;0,05;6888,26;588,97
2008;BRASIL;13;257728;411,05;0,17;9122,20;1048,53
2008;BRASIL;14;257727;852,32;0,30;8590,26;826,35
2008;BRASIL;15;257728;1181,94;0,20;7628,12;1811,66
2008;BRASIL;16;257727;1260,88;0,04;6789,99;3159,67
2008;BRASIL;17;257728;1265,44;0,06;6659,81;3485,79
2008;BRASIL;18;257728;1318,34;0,33;6864,72;1640,61
2008;BRASIL;19;257727;1509,17;0,33;6471,67;1191,40
2008;BRASIL;20;257728;1708,74;0,39;7571,25;876,85
2008;BRASIL;21;257728;1930,18;0,41;7034,28;711,44
2008;BRASIL;22;257727;2155,96;0,55;7405,05;812,98
2008;BRASIL;23;257728;2366,93;0,65;8286,03;813,58
2008;BRASIL;24;257727;2525,26;0,51;7641,95;1792,50
2008;BRASIL;25;257728;2693,96;0,54;7488,73;810,18
2008;BRASIL;26;257728;2872,73;0,88;7444,72;813,05
2008;BRASIL;27;257727;3056,51;0,49;7062,07;1016,10
2008;BRASIL;28;257728;3137,47;0,66;6874,52;886,09
2008;BRASIL;29;257727;3306,74;0,65;7523,14;622,63
2008;BRASIL;30;257728;3462,70;0,88;7270,57;598,78
2008;BRASIL;31;257728;3617,75;0,80;7328,06;563,31
2008;BRASIL;32;257727;3719,12;0,55;6288,86;661,96
2008;BRASIL;33;257728;3815,46;0,94;7189,25;785,07
2008;BRASIL;34;257728;3911,25;0,93;6900,80;533,53
2008;BRASIL;35;257727;4005,98;0,39;6924,48;572,28
2008;BRASIL;36;257728;4071,70;0,72;7021,74;456,55
2008;BRASIL;37;257727;4152,56;0,87;7026,25;402,52
2008;BRASIL;38;257728;4215,17;0,66;7201,53;398,55
2008;BRASIL;39;257728;4279,31;1,39;6033,61;341,72
2008;BRASIL;40;257727;4345,44;1,04;6539,90;584,15
2008;BRASIL;41;257728;4413,35;1,10;5921,69;357,94
2008;BRASIL;42;257728;4493,86;1,11;6022,10;390,21
2008;BRASIL;43;257727;4574,86;1,90;6377,40;333,44
2008;BRASIL;44;257728;4635,79;0,68;6470,69;697,14
2008;BRASIL;45;257727;4671,44;0,92;6233,14;490,24
2008;BRASIL;46;257728;4750,17;0,86;6283,35;335,86
2008;BRASIL;47;257728;4828,17;1,06;6205,98;398,57
2008;BRASIL;48;257727;4905,57;1,07;6379,07;348,38
2008;BRASIL;49;257728;4963,86;0,80;6781,05;471,33
2008;BRASIL;50;257727;5028,96;1,08;6977,22;464,05
2008;BRASIL;51;257728;5096,10;1,45;7087,62;386,28
2008;BRASIL;52;257728;5155,32;1,51;7457,40;428,57
2008;BRASIL;53;257727;5210,62;1,24;7762,68;406,23
2008;BRASIL;54;257728;5255,04;0,76;7153,39;315,55
2008;BRASIL;55;257728;5280,70;1,10;8286,49;481,65
2008;BRASIL;56;257727;5313,48;1,74;8149,47;368,84
2008;BRASIL;57;257728;5398,87;8,26;7861,18;636,36
2008;BRASIL;58;257727;5498,94;14,75;8057,42;500,40
2008;BRASIL;59;257728;5602,57;21,95;8397,53;678,67
2008;BRASIL;60;257728;5716,15;28,94;8119,36;516,71
2008;BRASIL;61;257727;5839,30;36,93;8227,20;570,79
2008;BRASIL;62;257728;5965,33;45,80;8394,10;619,36
2008;BRASIL;63;257728;6099,94;53,59;7962,45;467,37
2008;BRASIL;64;257727;6228,69;66,01;9518,24;972,34
2008;BRASIL;65;257728;6373,67;73,86;8629,38;638,59
2008;BRASIL;66;257727;6518,19;86,89;9243,07;549,65
2008;BRASIL;67;257728;6674,68;94,95;8466,53;679,43
2008;BRASIL;68;257728;6844,74;108,77;8688,59;614,65
2008;BRASIL;69;257727;7022,08;121,38;8654,01;649,78
2008;BRASIL;70;257728;7202,87;136,09;8753,74;656,39
2008;BRASIL;71;257728;7389,37;150,18;9141,02;749,80
2008;BRASIL;72;257727;7595,67;166,64;9113,95;636,44
2008;BRASIL;73;257728;7802,79;189,19;10499,17;947,96
2008;BRASIL;74;257727;8033,25;204,83;10066,98;825,74
2008;BRASIL;75;257728;8277,85;225,65;10350,93;811,77
2008;BRASIL;76;257728;8535,89;250,35;10644,04;859,38
2008;BRASIL;77;257727;8805,24;280,56;10908,29;894,13
2008;BRASIL;78;257728;9101,66;307,19;12202,49;1335,75
2008;BRASIL;79;257727;9382,20;340,13;16134,85;3293,33
2008;BRASIL;80;257728;9715,12;366,75;12652,16;1079,74
2008;BRASIL;81;257728;10082,17;404,01;13220,63;1096,92
2008;BRASIL;82;257727;10479,76;447,19;14101,45;1891,84
2008;BRASIL;83;257728;10898,42;504,84;14411,57;1356,68
2008;BRASIL;84;257728;11370,76;573,10;14976,74;1317,87
2008;BRASIL;85;257727;11886,04;649,32;15903,71;1453,25
2008;BRASIL;86;257728;12453,05;746,05;16608,58;1555,02
2008;BRASIL;87;257727;13091,53;860,74;17699,97;1400,64
2008;BRASIL;88;257728;13820,19;991,73;18571,49;1670,76
2008;BRASIL;89;257728;14618,00;1139,22;19295,23;1637,36
2008;BRASIL;90;257727;15542,04;1333,43;21638,30;2270,76
2008;BRASIL;91;257728;16631,25;1574,91;23538,03;1915,69
2008;BRASIL;92;257728;17942,70;1883,47;25528,07;2175,37
2008;BRASIL;93;257727;19486,08;2245,80;26799,21;2032,65
2008;BRASIL;94;257728;21324,53;2685,67;29786,56;2294,22
2008;BRASIL;95;257727;23645,38;3234,96;33615,39;2565,23
2008;BRASIL;96;257728;26639,81;3951,19;38075,39;2610,88
2008;BRASIL;97;257728;30678,96;4905,53;44366,51;3118,00
2008;BRASIL;98;257727;36592,82;6309,51;52957,88;3910,60
2008;BRASIL;99;257728;46863,86;8806,20;67539,97;5480,04
2008;BRASIL;100;257727;95368,00;20434,18;138949,60;24124,33
2009;BRASIL;1;243837;0,00;0,05;8318,96;1048,46
2009;BRASIL;2;243837;0,00;0,01;8383,18;965,64
2009;BRASIL;3;243837;0,00;0,04;8284,95;969,96
2009;BRASIL;4;243837;0,00;0,04;8277,92;999,80
2009;BRASIL;5;243836;0,00;0,06;8550,36;954,40
2009;BRASIL;6;243837;0,00;0,06;8365,66;975,93
2009;BRASIL;7;243837;0,00;0,10;8374,84;1005,98
2009;BRASIL;8;243837;0,00;0,05;8260,32;1002,53
2009;BRASIL;9;243837;0,00;0,05;8528,23;1078,83
2009;BRASIL;10;243836;124,42;0,09;10100,68;952,22
2009;BRASIL;11;243837;671,98;0,09;10464,83;1032,50
2009;BRASIL;12;243837;1135,43;0,07;9976,83;1316,41
2009;BRASIL;13;243837;1339,09;0,00;9043,15;4020,22
2009;BRASIL;14;243837;1348,42;0,00;8309,44;4354,86
2009;BRASIL;15;243836;1408,25;0,02;7777,66;2180,29
2009;BRASIL;16;243837;1621,99;0,13;8523,60;1101,19
2009;BRASIL;17;243837;1898,78;0,15;8898,92;1006,92
2009;BRASIL;18;243837;2173,01;0,16;8921,21;928,63
2009;BRASIL;19;243837;2408,42;0,14;8966,14;951,68
2009;BRASIL;20;243836;2629,45;0,08;9568,77;2171,71
2009;BRASIL;21;243837;2807,34;0,11;8784,55;1050,41
2009;BRASIL;22;243837;2948,15;0,08;7549,93;1500,47
2009;BRASIL;23;243837;3131,98;0,18;8670,02;949,81
2009;BRASIL;24;243837;3329,34;0,14;8403,52;798,93
2009;BRASIL;25;243836;3494,61;0,24;7093,54;720,25
2009;BRASIL;26;243837;3624,29;0,20;7747,61;616,63
2009;BRASIL;27;243837;3760,00;0,20;7672,46;736,57
2009;BRASIL;28;243837;3871,08;0,24;7578,38;681,20
2009;BRASIL;29;243837;3982,97;0,18;7856,63;731,70
2009;BRASIL;30;243836;4073,50;0,20;7928,48;720,60
2009;BRASIL;31;243837;4129,56;0,23;7474,27;585,39
2009;BRASIL;32;243837;4193,81;0,32;6873,42;371,09
2009;BRASIL;33;243837;4259,43;0,42;6572,72;592,65
2009;BRASIL;34;243837;4330,45;0,32;5972,98;450,79
2009;BRASIL;35;243836;4386,70;0,18;6855,63;812,77
2009;BRASIL;36;243837;4424,10;0,25;6177,83;421,22
2009;BRASIL;37;243837;4501,83;0,37;6154,38;374,92
2009;BRASIL;38;243837;4573,90;0,41;6083,45;385,64
2009;BRASIL;39;243837;4648,10;0,37;6448,52;425,41
2009;BRASIL;40;243836;4710,25;0,47;6343,39;386,94
2009;BRASIL;41;243837;4785,70;0,39;6405,91;331,39
2009;BRASIL;42;243837;4855,22;0,35;6631,18;516,58
2009;BRASIL;43;243837;4916,99;0,43;6511,58;333,32
2009;BRASIL;44;243837;4974,49;0,27;6675,31;352,33
2009;BRASIL;45;243836;5026,61;0,41;7100,14;427,72
2009;BRASIL;46;243837;5091,29;0,45;7188,19;418,36
2009;BRASIL;47;243837;5134,38;0,36;7705,55;530,62
2009;BRASIL;48;243837;5180,20;0,22;8194,63;457,90
2009;BRASIL;49;243837;5219,88;0,24;8675,43;397,18
2009;BRASIL;50;243836;5241,78;0,20;7579,12;353,50
2009;BRASIL;51;243837;5287,08;2,59;7079,69;515,99
2009;BRASIL;52;243837;5378,00;5,65;7606,11;603,27
2009;BRASIL;53;243837;5473,52;8,95;7828,54;568,47
2009;BRASIL;54;243837;5575,37;12,60;7587,17;587,14
2009;BRASIL;55;243836;5680,95;15,95;7674,05;501,26
2009;BRASIL;56;243837;5792,31;19,95;7805,05;555,63
2009;BRASIL;57;243837;5892,32;25,01;9362,16;1265,84
2009;BRASIL;58;243837;6011,88;28,36;8031,25;547,52
2009;BRASIL;59;243837;6134,04;33,30;8218,54;582,16
2009;BRASIL;60;243836;6263,60;37,94;8289,02;539,84
2009;BRASIL;61;243837;6398,30;43,63;8332,91;611,87
2009;BRASIL;62;243837;6535,50;50,41;9358,98;644,65
2009;BRASIL;63;243837;6679,87;55,87;8856,22;746,66
2009;BRASIL;64;243837;6835,50;62,07;8528,46;644,60
2009;BRASIL;65;243836;6999,86;69,61;8846,86;673,06
2009;BRASIL;66;243837;7170,93;76,93;9012,25;716,89
2009;BRASIL;67;243837;7328,82;86,18;9917,68;840,83
2009;BRASIL;68;243837;7500,75;90,97;9182,01;623,50
2009;BRASIL;69;243837;7691,15;100,72;9554,10;706,48
2009;BRASIL;70;243836;7890,58;111,16;9846,40;800,95
2009;BRASIL;71;243837;8097,52;126,54;10432,95;818,29
2009;BRASIL;72;243837;8315,06;143,79;10561,40;762,46
2009;BRASIL;73;243837;8549,34;161,20;11389,83;955,90
2009;BRASIL;74;243837;8785,70;185,88;12306,77;1340,51
2009;BRASIL;75;243836;9035,03;201,53;11648,93;1064,64
2009;BRASIL;76;243837;9297,70;227,39;15852,13;3004,91
2009;BRASIL;77;243837;9555,59;248,94;12402,41;1372,54
2009;BRASIL;78;243837;9863,37;277,79;13128,56;1103,78
2009;BRASIL;79;243837;10195,25;311,40;14033,79;1524,77
2009;BRASIL;80;243836;10550,23;348,36;14422,40;1391,78
2009;BRASIL;81;243837;10934,37;397,55;14568,22;1357,68
2009;BRASIL;82;243837;11351,58;452,04;15464,61;1305,26
2009;BRASIL;83;243837;11814,71;517,07;16290,02;1508,78
2009;BRASIL;84;243837;12320,02;585,51;17852,82;1231,24
2009;BRASIL;85;243836;12877,58;672,43;17636,89;1637,54
2009;BRASIL;86;243837;13484,35;775,17;18370,45;1539,30
2009;BRASIL;87;243837;14178,82;896,11;19256,75;1563,83
2009;BRASIL;88;243837;14922,25;1035,42;20734,95;1921,31
2009;BRASIL;89;243837;15768,49;1209,62;21848,64;1625,64
2009;BRASIL;90;243836;16763,47;1436,32;23403,67;1915,10
2009;BRASIL;91;243837;17925,88;1709,25;26040,89;2161,63
2009;BRASIL;92;243837;19321,73;2036,23;27219,99;2098,55
2009;BRASIL;93;243837;20922,48;2425,34;29924,92;2164,99
2009;BRASIL;94;243837;22889,85;2891,55;32971,54;2374,55
2009;BRASIL;95;243836;25394,06;3488,43;36599,62;2592,41
2009;BRASIL;96;243837;28569,50;4244,43;41546,45;2950,98
2009;BRASIL;97;243837;32745,29;5236,22;47732,49;3333,16
2009;BRASIL;98;243837;38965,74;6707,04;57410,99;4143,74
2009;BRASIL;99;243837;49573,81;9263,12;71841,63;4864,50
2009;BRASIL;100;243836;96600,30;20439,99;147890,08;17925,67
2010;BRASIL;1;239631;0,00;0,00;10283,82;1325,27
2010;BRASIL;2;239630;0,00;0,00;10156,36;1334,29
2010;BRASIL;3;239630;0,00;0,00;10554,59;1340,54
2010;BRASIL;4;239630;0,00;0,00;10148,25;1286,36
2010;BRASIL;5;239630;0,00;0,00;10074,52;1442,37
2010;BRASIL;6;239630;0,00;0,00;10268,01;1324,86
2010;BRASIL;7;239630;0,00;0,00;9867,31;1496,39
2010;BRASIL;8;239630;0,00;0,00;10001,17;1200,72
2010;BRASIL;9;239630;274,81;0,00;12679,34;1206,73
2010;BRASIL;10;239630;896,16;0,00;12319,16;1335,89
2010;BRASIL;11;239630;1351,41;0,00;10781,36;2423,91
2010;BRASIL;12;239630;1463,01;0,00;10149,74;5109,27
2010;BRASIL;13;239631;1466,54;0,00;8829,19;4634,69
2010;BRASIL;14;239630;1577,58;0,00;10457,98;2560,31
2010;BRASIL;15;239630;1870,91;0,00;10043,05;1322,34
2010;BRASIL;16;239630;2187,50;0,00;10009,18;1228,95
2010;BRASIL;17;239630;2465,21;0,00;9844,43;1215,61
2010;BRASIL;18;239630;2722,19;0,00;11048,71;1077,83
2010;BRASIL;19;239630;2893,98;0,00;10051,43;3504,07
2010;BRASIL;20;239630;3047,45;0,00;9843,29;1379,87
2010;BRASIL;21;239630;3277,29;0,00;9764,25;1066,87
2010;BRASIL;22;239630;3468,12;0,00;8528,06;918,82
2010;BRASIL;23;239630;3642,23;0,00;8450,72;791,26
2010;BRASIL;24;239630;3802,10;0,00;8539,16;891,75
2010;BRASIL;25;239630;3960,95;0,00;8629,10;801,86
2010;BRASIL;26;239631;4077,04;0,00;8615,25;850,72
2010;BRASIL;27;239630;4195,04;0,00;8723,55;584,91
2010;BRASIL;28;239630;4289,85;0,00;8378,46;673,86
2010;BRASIL;29;239630;4321,09;0,00;7913,76;1097,24
2010;BRASIL;30;239630;4402,91;0,05;8511,53;1127,14
2010;BRASIL;31;239630;4509,24;0,10;8265,57;584,77
2010;BRASIL;32;239630;4609,17;0,12;8414,08;612,76
2010;BRASIL;33;239630;4705,16;0,12;8172,22;565,96
2010;BRASIL;34;239630;4802,35;0,16;7751,96;526,93
2010;BRASIL;35;239630;4889,05;0,15;7737,94;789,55
2010;BRASIL;36;239630;4969,60;0,17;7569,26;481,27
2010;BRASIL;37;239630;5052,01;0,18;7678,54;642,53
2010;BRASIL;38;239631;5130,61;0,18;7870,29;496,40
2010;BRASIL;39;239630;5178,30;0,15;7148,91;446,48
2010;BRASIL;40;239630;5227,82;0,17;8339,64;559,55
2010;BRASIL;41;239630;5281,85;0,17;8219,89;519,36
2010;BRASIL;42;239630;5323,97;0,12;8355,48;470,91
2010;BRASIL;43;239630;5357,53;0,08;9024,04;458,12
2010;BRASIL;44;239630;5374,34;0,06;8592,23;454,08
2010;BRASIL;45;239630;5388,94;0,26;8546,66;406,03
2010;BRASIL;46;239630;5454,27;3,14;7702,46;502,72
2010;BRASIL;47;239630;5544,85;6,57;7539,40;582,06
2010;BRASIL;48;239630;5643,12;10,22;7934,83;496,97
2010;BRASIL;49;239630;5739,68;14,58;9705,34;1223,06
2010;BRASIL;50;239630;5828,61;17,40;9020,99;973,59
2010;BRASIL;51;239631;5934,31;21,08;8061,75;537,26
2010;BRASIL;52;239630;6042,18;25,61;8372,18;686,04
2010;BRASIL;53;239630;6155,96;29,91;8138,78;563,18
2010;BRASIL;54;239630;6274,72;35,10;8552,75;629,66
2010;BRASIL;55;239630;6394,04;39,99;8645,97;620,57
2010;BRASIL;56;239630;6517,26;44,94;9060,62;758,24
2010;BRASIL;57;239630;6645,01;50,93;8945,94;673,59
2010;BRASIL;58;239630;6778,66;56,40;8741,33;600,95
2010;BRASIL;59;239630;6918,42;64,01;9652,33;683,81
2010;BRASIL;60;239630;7055,69;69,36;8817,74;567,53
2010;BRASIL;61;239630;7197,45;77,83;10190,95;1187,80
2010;BRASIL;62;239630;7343,27;82,47;9585,07;818,57
2010;BRASIL;63;239631;7504,59;90,40;9689,11;790,11
2010;BRASIL;64;239630;7674,60;99,57;9790,28;742,55
2010;BRASIL;65;239630;7846,74;107,04;10089,75;780,52
2010;BRASIL;66;239630;8029,84;116,84;10357,36;915,73
2010;BRASIL;67;239630;8221,09;129,87;10165,87;777,63
2010;BRASIL;68;239630;8417,28;147,04;10814,86;892,11
2010;BRASIL;69;239630;8614,68;166,14;12275,72;1411,27
2010;BRASIL;70;239630;8817,09;180,00;11886,46;1124,09
2010;BRASIL;71;239630;9044,75;195,76;11381,27;919,40
2010;BRASIL;72;239630;9279,60;218,65;12301,46;1139,52
2010;BRASIL;73;239630;9533,52;242,30;12381,04;1319,65
2010;BRASIL;74;239630;9789,99;267,62;17139,69;3327,17
2010;BRASIL;75;239630;10033,43;291,01;14909,03;2037,77
2010;BRASIL;76;239631;10322,35;318,82;13552,37;1255,26
2010;BRASIL;77;239630;10637,03;353,54;14130,32;1546,51
2010;BRASIL;78;239630;10974,63;392,80;15045,16;1454,69
2010;BRASIL;79;239630;11338,83;443,18;15832,25;1677,99
2010;BRASIL;80;239630;11719,04;493,86;16424,81;1469,06
2010;BRASIL;81;239630;12140,94;557,34;16558,52;1418,60
2010;BRASIL;82;239630;12611,56;627,66;17430,91;1618,93
2010;BRASIL;83;239630;13117,48;702,04;19378,78;1612,85
2010;BRASIL;84;239630;13670,56;792,15;18837,66;1742,02
2010;BRASIL;85;239630;14284,23;909,67;20739,63;2143,32
2010;BRASIL;86;239630;14960,92;1032,83;20966,16;1800,87
2010;BRASIL;87;239630;15719,49;1171,72;22313,11;2191,68
2010;BRASIL;88;239631;16551,38;1361,51;22911,66;1837,53
2010;BRASIL;89;239630;17472,00;1575,64;24943,67;2047,99
2010;BRASIL;90;239630;18541,34;1828,60;25506,60;2054,15
2010;BRASIL;91;239630;19776,68;2125,63;28214,87;2307,41
2010;BRASIL;92;239630;21213,81;2471,89;29917,24;2211,68
2010;BRASIL;93;239630;22876,08;2868,05;32920,07;2626,97
2010;BRASIL;94;239630;24966,99;3369,84;37073,31;2720,92
2010;BRASIL;95;239630;27630,67;4016,34;41047,89;3100,19
2010;BRASIL;96;239630;30983,30;4808,38;46427,39;3104,80
2010;BRASIL;97;239630;35383,64;5834,01;53143,10;3629,32
2010;BRASIL;98;239630;42076,28;7459,91;64714,74;4799,38
2010;BRASIL;99;239630;53214,21;10109,41;79272,49;5795,88
2010;BRASIL;100;239630;102693,22;21797,78;162740,65;23692,00
2011;BRASIL;1;248985;0,00;0,00;12232,38;1721,02
2011;BRASIL;2;248985;0,00;0,00;12407,86;1538,59
2011;BRASIL;3;248985;0,00;0,00;12086,10;1816,06
2011;BRASIL;4;248985;0,00;0,00;12096,49;1634,65
2011;BRASIL;5;248985;0,00;0,00;12550,14;1652,95
2011;BRASIL;6;248984;0,00;0,00;12107,74;1833,07
2011;BRASIL;7;248985;0,00;0,00;12134,49;1631,27
2011;BRASIL;8;248985;75,74;0,00;13155,65;1531,05
2011;BRASIL;9;248985;749,03;0,01;14971,20;1747,24
2011;BRASIL;10;248985;1362,88;0,03;12808,89;1905,62
2011;BRASIL;11;248984;1619,03;0,00;13910,05;6738,96
2011;BRASIL;12;248985;1626,64;0,00;12098,89;6106,46
2011;BRASIL;13;248985;1722,21;0,03;10458,97;2544,24
2011;BRASIL;14;248985;2062,29;0,06;11934,78;1730,00
2011;BRASIL;15;248985;2426,23;0,06;11369,21;1582,06
2011;BRASIL;16;248984;2759,75;0,09;12045,11;1548,49
2011;BRASIL;17;248985;3012,30;0,05;11233,84;2219,21
2011;BRASIL;18;248985;3225,88;0,06;13127,85;3521,65
2011;BRASIL;19;248985;3458,01;0,08;11106,76;1283,88
2011;BRASIL;20;248985;3675,05;0,07;9883,91;1273,18
2011;BRASIL;21;248985;3901,50;0,12;10853,64;1205,42
2011;BRASIL;22;248984;4111,26;0,09;10909,97;1057,24
2011;BRASIL;23;248985;4295,04;0,09;11056,47;836,84
2011;BRASIL;24;248985;4454,61;0,04;11295,32;1163,42
2011;BRASIL;25;248985;4517,28;0,04;9610,94;976,01
2011;BRASIL;26;248985;4631,48;0,07;9615,25;906,04
2011;BRASIL;27;248984;4740,38;0,09;9392,91;931,00
2011;BRASIL;28;248985;4857,73;0,15;10197,45;1420,77
2011;BRASIL;29;248985;4976,68;0,21;9560,81;799,31
2011;BRASIL;30;248985;5090,23;0,23;9402,11;762,99
2011;BRASIL;31;248985;5202,65;0,24;9428,85;811,20
2011;BRASIL;32;248984;5311,69;0,26;8870,18;622,92
2011;BRASIL;33;248985;5391,33;0,22;8461,80;667,54
2011;BRASIL;34;248985;5480,14;0,26;8804,98;688,70
2011;BRASIL;35;248985;5562,66;0,26;8784,00;562,69
2011;BRASIL;36;248985;5644,29;0,24;8966,07;585,70
2011;BRASIL;37;248984;5698,74;0,20;8576,81;485,94
2011;BRASIL;38;248985;5750,67;0,20;9467,41;573,86
2011;BRASIL;39;248985;5799,54;0,16;10251,29;693,44
2011;BRASIL;40;248985;5824,93;0,08;8748,54;464,40
2011;BRASIL;41;248985;5835,33;0,07;9817,62;532,84
2011;BRASIL;42;248985;5848,29;0,08;9822,15;508,65
2011;BRASIL;43;248984;5903,31;2,71;8176,66;528,06
2011;BRASIL;44;248985;5988,90;6,52;9954,74;1231,39
2011;BRASIL;45;248985;6083,96;9,94;9571,61;838,19
2011;BRASIL;46;248985;6190,13;14,12;8982,48;720,75
2011;BRASIL;47;248985;6297,40;18,49;9769,89;702,86
2011;BRASIL;48;248984;6409,47;22,54;8970,08;682,00
2011;BRASIL;49;248985;6521,64;27,39;10094,04;970,64
2011;BRASIL;50;248985;6637,91;31,61;8837,63;662,18
2011;BRASIL;51;248985;6759,60;36,66;9192,56;738,68
2011;BRASIL;52;248985;6886,86;42,59;9427,31;672,33
2011;BRASIL;53;248984;7016,34;47,93;9241,12;790,81
2011;BRASIL;54;248985;7150,08;54,46;9885,76;786,67
2011;BRASIL;55;248985;7288,67;60,32;9691,57;732,45
2011;BRASIL;56;248985;7430,14;69,13;10812,49;1221,26
2011;BRASIL;57;248985;7562,27;73,39;10156,23;796,12
2011;BRASIL;58;248984;7713,61;81,16;10273,51;779,14
2011;BRASIL;59;248985;7871,68;88,36;10293,57;904,70
2011;BRASIL;60;248985;8035,05;96,88;10485,88;966,49
2011;BRASIL;61;248985;8202,04;104,55;10520,55;886,02
2011;BRASIL;62;248985;8378,52;113,70;10816,64;895,14
2011;BRASIL;63;248985;8565,49;123,62;11073,69;929,82
2011;BRASIL;64;248984;8758,11;133,77;11292,08;827,87
2011;BRASIL;65;248985;8946,88;151,32;12626,71;1340,23
2011;BRASIL;66;248985;9135,84;164,89;12049,47;1107,23
2011;BRASIL;67;248985;9347,55;182,78;11958,51;1016,37
2011;BRASIL;68;248985;9565,79;198,36;12236,56;1064,95
2011;BRASIL;69;248984;9793,76;220,02;12787,81;1172,08
2011;BRASIL;70;248985;10035,16;241,87;13092,83;1214,93
2011;BRASIL;71;248985;10291,45;261,68;13318,74;1266,86
2011;BRASIL;72;248985;10549,83;291,51;14573,87;1646,85
2011;BRASIL;73;248985;10830,45;318,17;15766,93;1986,28
2011;BRASIL;74;248984;11092,77;345,46;20178,86;5057,94
2011;BRASIL;75;248985;11402,83;377,08;15905,45;1741,45
2011;BRASIL;76;248985;11740,30;413,56;15399,67;1400,12
2011;BRASIL;77;248985;12080,41;457,82;16766,10;1848,18
2011;BRASIL;78;248985;12458,51;510,84;17075,18;1875,40
2011;BRASIL;79;248984;12863,02;567,04;17847,75;1784,07
2011;BRASIL;80;248985;13306,30;636,61;18147,37;1866,58
2011;BRASIL;81;248985;13783,02;711,24;18915,15;1873,32
2011;BRASIL;82;248985;14310,31;791,06;19873,11;1736,34
2011;BRASIL;83;248985;14872,22;886,72;21703,71;2345,50
2011;BRASIL;84;248985;15488,40;1002,78;21770,94;1970,32
2011;BRASIL;85;248984;16191,23;1136,73;22914,65;2365,64
2011;BRASIL;86;248985;16951,34;1276,27;23755,11;1994,28
2011;BRASIL;87;248985;17798,10;1468,99;25627,55;2375,90
2011;BRASIL;88;248985;18731,73;1692,53;26015,43;1973,27
2011;BRASIL;89;248985;19804,80;1949,73;28524,93;2580,37
2011;BRASIL;90;248984;21017,72;2242,32;29326,94;2470,21
2011;BRASIL;91;248985;22418,25;2587,78;34025,64;2647,72
2011;BRASIL;92;248985;23976,26;2961,35;33994,76;2626,30
2011;BRASIL;93;248985;25853,73;3415,72;39185,07;3173,39
2011;BRASIL;94;248985;28235,05;3999,04;42135,59;3009,05
2011;BRASIL;95;248984;31200,87;4705,77;47393,91;3589,69
2011;BRASIL;96;248985;34936,12;5584,07;53781,03;3931,00
2011;BRASIL;97;248985;39836,98;6779,00;62019,12;4741,61
2011;BRASIL;98;248985;47432,84;8627,74;73747,16;5458,96
2011;BRASIL;99;248985;59627,39;11498,02;91870,25;7064,29
2011;BRASIL;100;248984;115668,03;24789,83;193153,01;26151,15
2012;BRASIL;1;261517;0,00;0,00;14759,87;1970,83
2012;BRASIL;2;261517;0,00;0,00;14928,88;1900,02
2012;BRASIL;3;261516;0,00;0,00;17181,11;1820,77
2012;BRASIL;4;261517;0,00;0,00;14305,38;1973,11
2012;BRASIL;5;261516;0,00;0,00;14310,65;1862,71
2012;BRASIL;6;261517;0,00;0,00;14430,52;1792,70
2012;BRASIL;7;261516;0,00;0,00;14129,49;1984,21
2012;BRASIL;8;261517;265,11;0,00;16625,13;2041,09
2012;BRASIL;9;261516;1148,22;0,03;16058,91;1879,11
2012;BRASIL;10;261517;1777,97;0,04;15494,36;3842,58
2012;BRASIL;11;261516;1946,87;0,00;14626,74;6811,20
2012;BRASIL;12;261517;1953,40;0,01;13550,34;6194,58
2012;BRASIL;13;261517;2182,82;0,05;13994,15;2669,18
2012;BRASIL;14;261516;2605,82;0,07;13595,60;1896,86
2012;BRASIL;15;261517;3006,96;0,08;13448,90;2518,60
2012;BRASIL;16;261516;3285,58;0,11;13531,60;2028,97
2012;BRASIL;17;261517;3633,50;0,09;13462,83;1707,35
2012;BRASIL;18;261516;3880,23;0,10;15087,04;3932,41
2012;BRASIL;19;261517;4124,27;0,12;13207,27;1558,74
2012;BRASIL;20;261516;4401,29;0,12;13362,98;1378,19
2012;BRASIL;21;261517;4648,70;0,07;11918,71;1466,68
2012;BRASIL;22;261516;4775,60;0,07;11408,07;1384,78
2012;BRASIL;23;261517;4967,24;0,08;11902,06;953,42
2012;BRASIL;24;261516;5088,25;0,07;11614,37;1048,59
2012;BRASIL;25;261517;5218,39;0,20;12681,26;972,34
2012;BRASIL;26;261517;5373,13;0,22;10986,00;965,27
2012;BRASIL;27;261516;5530,49;0,26;11425,65;923,25
2012;BRASIL;28;261517;5658,02;0,27;11072,62;799,27
2012;BRASIL;29;261516;5772,98;0,24;10831,42;1044,97
2012;BRASIL;30;261517;5888,82;0,27;11389,02;1350,40
2012;BRASIL;31;261516;5999,38;0,31;10322,89;702,78
2012;BRASIL;32;261517;6105,13;0,30;10294,17;794,05
2012;BRASIL;33;261516;6202,00;0,29;10663,03;702,27
2012;BRASIL;34;261517;6272,49;0,23;11135,48;946,51
2012;BRASIL;35;261516;6277,67;0,22;9547,92;927,24
2012;BRASIL;36;261517;6323,72;0,22;11129,13;731,92
2012;BRASIL;37;261516;6371,97;0,15;11957,19;603,58
2012;BRASIL;38;261517;6401,50;0,09;11301,82;702,27
2012;BRASIL;39;261517;6412,09;0,06;13401,03;577,29
2012;BRASIL;40;261516;6429,08;0,58;9199,32;484,29
2012;BRASIL;41;261517;6512,07;4,46;9125,13;558,95
2012;BRASIL;42;261516;6615,65;8,70;9950,00;771,35
2012;BRASIL;43;261517;6723,57;12,75;9683,22;673,41
2012;BRASIL;44;261516;6839,67;17,45;9816,44;730,92
2012;BRASIL;45;261517;6955,69;22,32;10765,51;975,10
2012;BRASIL;46;261516;7079,65;27,07;10248,12;844,16
2012;BRASIL;47;261517;7206,78;32,26;10111,24;817,40
2012;BRASIL;48;261516;7337,19;37,82;10352,79;715,83
2012;BRASIL;49;261517;7471,49;43,84;10100,34;737,29
2012;BRASIL;50;261516;7609,91;49,82;10101,15;740,43
2012;BRASIL;51;261517;7752,36;56,58;10839,02;1063,91
2012;BRASIL;52;261517;7876,97;64,05;11951,79;1101,79
2012;BRASIL;53;261516;8019,07;68,63;10521,73;750,54
2012;BRASIL;54;261517;8170,88;76,33;11539,65;1014,95
2012;BRASIL;55;261516;8327,81;83,45;10579,96;833,83
2012;BRASIL;56;261517;8491,70;91,26;10899,70;822,26
2012;BRASIL;57;261516;8655,09;100,39;11209,46;809,25
2012;BRASIL;58;261517;8830,36;108,88;11403,51;1008,62
2012;BRASIL;59;261516;9014,33;118,13;11702,21;923,20
2012;BRASIL;60;261517;9203,37;127,81;11498,18;873,85
2012;BRASIL;61;261516;9387,57;139,86;13154,61;1473,00
2012;BRASIL;62;261517;9567,40;147,80;12008,10;900,13
2012;BRASIL;63;261517;9766,00;163,19;13041,87;1123,59
2012;BRASIL;64;261516;9976,96;180,12;12979,97;924,40
2012;BRASIL;65;261517;10196,67;198,21;13365,06;1068,87
2012;BRASIL;66;261516;10427,38;218,39;13563,44;1093,33
2012;BRASIL;67;261517;10665,62;240,14;13872,11;1306,12
2012;BRASIL;68;261516;10913,31;262,78;14778,56;1692,37
2012;BRASIL;69;261517;11162,82;284,05;13915,68;1188,74
2012;BRASIL;70;261516;11431,93;311,35;14980,13;1318,92
2012;BRASIL;71;261517;11710,52;340,35;15892,89;1681,93
2012;BRASIL;72;261516;12005,14;370,20;15477,69;1489,00
2012;BRASIL;73;261517;12289,73;399,76;23902,08;5043,36
2012;BRASIL;74;261516;12590,88;429,41;17893,77;2244,81
2012;BRASIL;75;261517;12932,18;466,61;17237,42;1677,68
2012;BRASIL;76;261517;13295,63;514,10;17386,65;1404,79
2012;BRASIL;77;261516;13686,86;570,85;18564,35;1886,88
2012;BRASIL;78;261517;14106,53;635,63;19584,56;2067,54
2012;BRASIL;79;261516;14556,09;698,96;20153,61;1887,09
2012;BRASIL;80;261517;15044,53;773,49;20101,46;1707,99
2012;BRASIL;81;261516;15567,58;858,06;22542,89;2884,47
2012;BRASIL;82;261517;16120,63;950,80;22120,44;1940,60
2012;BRASIL;83;261516;16749,33;1068,70;24249,90;2055,23
2012;BRASIL;84;261517;17428,90;1189,95;24879,94;2179,83
2012;BRASIL;85;261516;18172,93;1342,25;25491,88;2064,31
2012;BRASIL;86;261517;18985,93;1507,40;26733,16;2335,74
2012;BRASIL;87;261516;19883,81;1717,87;28474,25;2475,76
2012;BRASIL;88;261517;20926,18;1968,79;30442,34;2405,96
2012;BRASIL;89;261517;22094,68;2246,22;31940,03;2472,11
2012;BRASIL;90;261516;23423,08;2559,34;33325,02;2667,78
2012;BRASIL;91;261517;24900,06;2920,85;35938,12;2742,31
2012;BRASIL;92;261516;26613,79;3341,31;39185,28;2844,59
2012;BRASIL;93;261517;28712,34;3855,19;45252,28;3142,04
2012;BRASIL;94;261516;31321,06;4488,56;51278,22;3515,04
2012;BRASIL;95;261517;34530,76;5253,42;53736,45;3684,57
2012;BRASIL;96;261516;38528,30;6189,51;63103,88;4268,14
2012;BRASIL;97;261517;43987,97;7544,19;70898,60;5357,29
2012;BRASIL;98;261516;52180,80;9519,14;83350,69;5908,04
2012;BRASIL;99;261517;65400,13;12622,68;108982,46;7574,77
2012;BRASIL;100;261516;127611,56;27356,23;218057,52;26640,11
2013;BRASIL;1;270244;0,00;0,00;17467,34;2262,12
2013;BRASIL;2;270243;0,00;0,00;17165,45;2456,70
2013;BRASIL;3;270243;0,00;0,00;17842,31;2534,44
2013;BRASIL;4;270243;0,00;0,00;20753,71;2248,40
2013;BRASIL;5;270243;0,00;0,00;19145,39;2490,68
2013;BRASIL;6;270244;0,00;0,00;17313,79;2459,96
2013;BRASIL;7;270243;18,70;0,00;17650,60;2139,55
2013;BRASIL;8;270243;770,83;0,01;19526,34;2076,34
2013;BRASIL;9;270243;1615,10;0,05;17103,86;2205,46
2013;BRASIL;10;270243;2137,45;0,03;20415,26;6748,28
2013;BRASIL;11;270243;2198,70;0,00;16227,51;7257,94
2013;BRASIL;12;270244;2248,04;0,03;16314,37;5257,76
2013;BRASIL;13;270243;2628,15;0,09;15962,93;2488,25
2013;BRASIL;14;270243;3092,06;0,09;15902,86;2686,51
2013;BRASIL;15;270243;3419,81;0,10;15769,70;2193,30
2013;BRASIL;16;270243;3825,03;0,11;15531,92;1936,57
2013;BRASIL;17;270244;4160,36;0,10;15109,21;2490,98
2013;BRASIL;18;270243;4432,40;0,10;19191,66;4612,96
2013;BRASIL;19;270243;4724,53;0,15;14312,88;1692,14
2013;BRASIL;20;270243;4924,26;0,10;14223,14;1808,11
2013;BRASIL;21;270243;5169,30;0,16;13965,00;1371,17
2013;BRASIL;22;270243;5381,01;0,08;13427,80;1363,11
2013;BRASIL;23;270244;5517,07;0,07;13810,57;1040,02
2013;BRASIL;24;270243;5668,38;0,23;12735,89;1077,65
2013;BRASIL;25;270243;5840,78;0,29;12951,52;1190,46
2013;BRASIL;26;270243;6004,82;0,31;12991,05;1032,34
2013;BRASIL;27;270243;6154,52;0,30;12031,37;946,90
2013;BRASIL;28;270244;6304,96;0,37;12185,94;936,64
2013;BRASIL;29;270243;6444,65;0,29;11551,12;1116,73
2013;BRASIL;30;270243;6487,34;0,23;11237,11;1334,64
2013;BRASIL;31;270243;6562,63;0,31;13141,67;1763,21
2013;BRASIL;32;270243;6658,70;0,35;11644,15;763,90
2013;BRASIL;33;270243;6747,88;0,31;11725,66;802,24
2013;BRASIL;34;270244;6805,13;0,24;10989,53;614,09
2013;BRASIL;35;270243;6857,00;0,24;13302,70;732,38
2013;BRASIL;36;270243;6896,47;0,12;12669,22;703,00
2013;BRASIL;37;270243;6917,61;0,08;13130,52;565,09
2013;BRASIL;38;270243;6930,34;0,06;12363,39;658,86
2013;BRASIL;39;270244;6972,15;2,11;10647,31;554,52
2013;BRASIL;40;270243;7076,60;6,63;10610,52;906,84
2013;BRASIL;41;270243;7185,17;10,85;10827,79;682,81
2013;BRASIL;42;270243;7305,05;15,58;10897,49;775,25
2013;BRASIL;43;270243;7426,45;20,60;11202,75;819,20
2013;BRASIL;44;270243;7553,49;25,53;11612,47;769,53
2013;BRASIL;45;270244;7683,24;31,13;11196,61;959,65
2013;BRASIL;46;270243;7814,01;36,37;11275,35;796,31
2013;BRASIL;47;270243;7952,16;42,11;11177,79;788,47
2013;BRASIL;48;270243;8087,15;49,94;12833,80;1147,09
2013;BRASIL;49;270243;8216,41;54,00;11367,13;817,37
2013;BRASIL;50;270243;8365,59;60,62;11483,88;829,35
2013;BRASIL;51;270244;8517,53;67,78;11318,86;744,11
2013;BRASIL;52;270243;8674,29;75,83;12539,79;1209,70
2013;BRASIL;53;270243;8827,43;82,90;12645,87;1134,47
2013;BRASIL;54;270243;8993,51;90,91;12051,45;851,24
2013;BRASIL;55;270243;9163,01;99,26;12555,46;883,14
2013;BRASIL;56;270244;9339,91;107,63;12342,14;1003,57
2013;BRASIL;57;270243;9514,89;116,31;12407,25;904,48
2013;BRASIL;58;270243;9691,89;128,16;14412,07;1528,32
2013;BRASIL;59;270243;9861,30;134,81;12841,37;931,62
2013;BRASIL;60;270243;10061,01;144,79;13254,00;1009,56
2013;BRASIL;61;270243;10270,05;156,13;13410,53;985,05
2013;BRASIL;62;270244;10477,96;169,49;14721,88;1152,41
2013;BRASIL;63;270243;10699,21;190,06;14599,12;1070,97
2013;BRASIL;64;270243;10925,14;209,41;15469,56;1349,98
2013;BRASIL;65;270243;11164,03;228,54;15285,72;1246,30
2013;BRASIL;66;270243;11405,82;252,03;20179,75;1428,61
2013;BRASIL;67;270244;11667,67;274,37;15421,48;1162,21
2013;BRASIL;68;270243;11946,56;302,03;16833,32;1467,15
2013;BRASIL;69;270243;12237,70;329,04;16561,70;1406,55
2013;BRASIL;70;270243;12540,33;357,96;16588,70;1322,71
2013;BRASIL;71;270243;12853,13;392,35;18768,63;2454,79
2013;BRASIL;72;270243;13157,11;422,39;18021,62;1597,28
2013;BRASIL;73;270244;13462,77;457,15;27830,99;6020,30
2013;BRASIL;74;270243;13780,85;482,85;19644,00;1956,19
2013;BRASIL;75;270243;14152,63;535,24;19895,45;1693,46
2013;BRASIL;76;270243;14554,10;593,26;20594,85;1833,78
2013;BRASIL;77;270243;14981,72;653,05;21343,18;1848,66
2013;BRASIL;78;270244;15440,02;720,30;21710,87;2078,87
2013;BRASIL;79;270243;15937,34;800,08;22321,74;1995,31
2013;BRASIL;80;270243;16445,85;880,84;25287,62;2916,13
2013;BRASIL;81;270243;17016,28;965,29;23894,83;1906,25
2013;BRASIL;82;270243;17640,46;1080,20;25711,14;2019,36
2013;BRASIL;83;270243;18317,66;1212,92;27494,36;2300,53
2013;BRASIL;84;270244;19045,97;1343,32;26954,55;2090,07
2013;BRASIL;85;270243;19814,31;1501,98;29048,34;2853,75
2013;BRASIL;86;270243;20692,10;1691,15;30236,06;2264,08
2013;BRASIL;87;270243;21652,15;1913,95;31406,84;3964,40
2013;BRASIL;88;270243;22738,99;2178,12;34643,97;2736,73
2013;BRASIL;89;270244;23990,80;2476,20;35673,38;2658,91
2013;BRASIL;90;270243;25362,16;2802,83;37932,67;2860,01
2013;BRASIL;91;270243;26934,67;3178,56;40936,02;2967,68
2013;BRASIL;92;270243;28760,35;3635,36;46060,57;3020,59
2013;BRASIL;93;270243;30937,68;4165,68;48437,19;3407,95
2013;BRASIL;94;270243;33601,03;4806,87;57912,92;4088,14
2013;BRASIL;95;270244;36986,61;5610,18;62251,43;4131,16
2013;BRASIL;96;270243;41207,51;6606,22;69978,46;4603,39
2013;BRASIL;97;270243;47007,05;8016,08;81521,24;5414,87
2013;BRASIL;98;270243;55695,62;10106,36;96284,55;6715,47
2013;BRASIL;99;270243;69764,00;13400,28;124908,16;8335,62
2013;BRASIL;100;270243;134287,49;28455,84;261035,92;29626,86
2014;BRASIL;1;280203;0,00;0,00;21057,35;2929,76
2014;BRASIL;2;280203;0,00;0,00;21388,30;2865,86
2014;BRASIL;3;280203;0,00;0,00;21430,31;2603,42
2014;BRASIL;4;280203;0,00;0,00;21579,32;3025,24
2014;BRASIL;5;280203;0,00;0,00;21461,36;2856,85
2014;BRASIL;6;280203;0,00;0,00;22334,40;3019,13
2014;BRASIL;7;280202;239,42;0,00;24066,62;2419,98
2014;BRASIL;8;280203;1299,20;0,04;20567,53;2122,41
2014;BRASIL;9;280203;2117,01;0,07;19936,19;2982,19
2014;BRASIL;10;280203;2428,50;0,01;22488,53;8980,04
2014;BRASIL;11;280203;2434,40;0,00;19120,99;7810,04
2014;BRASIL;12;280203;2662,43;0,07;18522,44;3129,52
2014;BRASIL;13;280202;3173,16;0,11;18903,95;3000,31
2014;BRASIL;14;280203;3566,47;0,14;18657,45;2514,83
2014;BRASIL;15;280203;4026,98;0,13;17413,75;2052,26
2014;BRASIL;16;280203;4422,46;0,16;18289,30;1880,32
2014;BRASIL;17;280203;4789,29;0,13;21186,31;4999,96
2014;BRASIL;18;280203;5021,72;0,11;16843,85;2496,19
2014;BRASIL;19;280202;5292,85;0,19;16072,95;1638,12
2014;BRASIL;20;280203;5579,82;0,17;16172,70;1464,07
2014;BRASIL;21;280203;5799,50;0,12;15797,56;1571,87
2014;BRASIL;22;280203;5982,30;0,09;15029,60;1139,99
2014;BRASIL;23;280203;6143,38;0,26;14421,77;1283,72
2014;BRASIL;24;280203;6352,65;0,38;15519,84;1207,36
2014;BRASIL;25;280202;6542,07;0,33;14165,35;1087,52
2014;BRASIL;26;280203;6703,56;0,28;14226,54;1554,74
2014;BRASIL;27;280203;6766,31;0,33;13627,39;1244,28
2014;BRASIL;28;280203;6920,09;0,39;13312,97;925,66
2014;BRASIL;29;280203;7051,14;0,33;13123,87;878,01
2014;BRASIL;30;280203;7169,08;0,36;13463,30;831,91
2014;BRASIL;31;280203;7272,81;0,26;14679,76;1771,78
2014;BRASIL;32;280202;7350,98;0,27;13693,54;819,89
2014;BRASIL;33;280203;7406,04;0,17;12641,63;597,54
2014;BRASIL;34;280203;7451,84;0,18;15071,58;840,77
2014;BRASIL;35;280203;7486,19;0,09;15491,28;939,20
2014;BRASIL;36;280203;7507,19;0,05;13528,30;622,71
2014;BRASIL;37;280203;7522,73;0,68;12133,52;550,01
2014;BRASIL;38;280202;7613,78;4,86;10603,89;668,06
2014;BRASIL;39;280203;7732,79;9,76;11146,88;633,80
2014;BRASIL;40;280203;7853,01;14,59;11811,82;810,40
2014;BRASIL;41;280203;7980,83;19,61;12103,92;766,72
2014;BRASIL;42;280203;8111,42;24,90;13327,14;854,54
2014;BRASIL;43;280203;8247,87;30,55;11943,81;959,96
2014;BRASIL;44;280202;8383,14;37,32;14257,03;1289,96
2014;BRASIL;45;280203;8508,44;41,68;12453,96;860,37
2014;BRASIL;46;280203;8658,06;47,70;12119,12;772,38
2014;BRASIL;47;280203;8809,61;54,92;12436,62;827,43
2014;BRASIL;48;280203;8965,97;61,88;12640,33;864,85
2014;BRASIL;49;280203;9125,51;69,69;13542,74;1057,62
2014;BRASIL;50;280202;9290,55;76,99;12652,34;872,18
2014;BRASIL;51;280203;9459,97;85,46;13900,87;940,07
2014;BRASIL;52;280203;9635,99;93,52;13345,60;1071,76
2014;BRASIL;53;280203;9808,75;103,35;14033,28;1137,84
2014;BRASIL;54;280203;9987,15;111,66;13037,64;974,70
2014;BRASIL;55;280203;10148,76;122,78;15733,13;1558,34
2014;BRASIL;56;280203;10337,59;130,60;13608,48;831,11
2014;BRASIL;57;280202;10537,85;140,04;13560,94;921,80
2014;BRASIL;58;280203;10743,77;151,62;15106,74;1234,02
2014;BRASIL;59;280203;10953,67;161,93;13952,09;945,46
2014;BRASIL;60;280203;11172,25;173,75;15748,75;1048,53
2014;BRASIL;61;280203;11392,97;189,13;15484,56;1172,46
2014;BRASIL;62;280203;11628,38;210,38;15811,59;1211,49
2014;BRASIL;63;280202;11859,86;232,37;17005,50;1176,46
2014;BRASIL;64;280203;12111,80;255,09;16353,50;1470,12
2014;BRASIL;65;280203;12376,12;278,91;17340,05;1416,75
2014;BRASIL;66;280203;12652,71;304,53;17244,24;1273,37
2014;BRASIL;67;280203;12946,93;331,68;17591,38;1222,10
2014;BRASIL;68;280203;13257,90;362,00;18385,81;1485,85
2014;BRASIL;69;280202;13567,25;395,22;19714,92;2243,17
2014;BRASIL;70;280203;13900,55;426,77;20198,04;1988,57
2014;BRASIL;71;280203;14245,41;463,20;20244,18;1636,03
2014;BRASIL;72;280203;14606,39;501,71;28554,50;4750,06
2014;BRASIL;73;280203;14924,87;534,04;26474,27;4111,33
2014;BRASIL;74;280203;15311,63;582,29;22296,85;2022,40
2014;BRASIL;75;280202;15724,22;640,93;21771,35;1799,14
2014;BRASIL;76;280203;16170,02;705,40;22458,40;2002,25
2014;BRASIL;77;280203;16641,17;775,12;27546,13;2919,93
2014;BRASIL;78;280203;17109,34;845,27;24768,82;2381,75
2014;BRASIL;79;280203;17644,44;935,93;24987,75;2276,73
2014;BRASIL;80;280203;18235,66;1030,33;27675,58;2294,50
2014;BRASIL;81;280203;18880,98;1136,08;27667,77;2226,70
2014;BRASIL;82;280202;19580,33;1267,64;29198,26;2498,69
2014;BRASIL;83;280203;20315,63;1411,71;29415,34;2344,72
2014;BRASIL;84;280203;21111,39;1572,49;30775,74;2456,28
2014;BRASIL;85;280203;21986,10;1740,21;34500,48;2590,14
2014;BRASIL;86;280203;22949,10;1967,50;33187,30;2646,90
2014;BRASIL;87;280203;24011,99;2224,88;35876,67;2762,03
2014;BRASIL;88;280202;25204,19;2506,15;37237,47;2937,26
2014;BRASIL;89;280203;26574,37;2842,02;40331,09;3335,24
2014;BRASIL;90;280203;28077,12;3197,46;44039,91;3048,15
2014;BRASIL;91;280203;29827,75;3627,78;45247,46;2871,52
2014;BRASIL;92;280203;31824,59;4112,86;51001,28;3105,34
2014;BRASIL;93;280203;34162,31;4688,36;55706,58;3859,33
2014;BRASIL;94;280202;37083,52;5401,73;61901,78;4411,45
2014;BRASIL;95;280203;40756,34;6251,78;70295,64;4492,38
2014;BRASIL;96;280203;45435,86;7385,03;77240,85;5057,80
2014;BRASIL;97;280203;51858,36;8926,06;90465,85;6218,18
2014;BRASIL;98;280203;61312,07;11191,40;105918,50;7396,59
2014;BRASIL;99;280203;76490,76;14753,47;137021,84;9534,27
2014;BRASIL;100;280202;147728,16;31387,29;273040,35;37321,61
2015;BRASIL;1;282847;0,00;0,00;23577,91;2866,28
2015;BRASIL;2;282846;0,00;0,00;22023,92;2794,54
2015;BRASIL;3;282847;0,00;0,00;22064,55;2687,32
2015;BRASIL;4;282846;0,00;0,00;22869,10;2851,61
2015;BRASIL;5;282846;0,00;0,00;22319,93;2675,46
2015;BRASIL;6;282847;0,00;0,00;22286,84;3028,90
2015;BRASIL;7;282846;0,00;0,00;21509,13;2864,34
2015;BRASIL;8;282846;222,67;0,00;25838,22;2910,75
2015;BRASIL;9;282847;1251,31;0,04;24361,14;2404,11
2015;BRASIL;10;282846;2086,80;0,12;21947,72;2241,87
2015;BRASIL;11;282846;2617,84;0,05;25676,13;7180,31
2015;BRASIL;12;282847;2674,60;0,00;19889,90;6804,67
2015;BRASIL;13;282846;2684,16;0,03;20431,27;5974,69
2015;BRASIL;14;282846;3005,45;0,13;21133,03;2875,94
2015;BRASIL;15;282847;3453,93;0,14;20676,82;3355,09
2015;BRASIL;16;282846;3917,30;0,18;20793,16;2498,75
2015;BRASIL;17;282846;4353,76;0,19;20300,22;2143,17
2015;BRASIL;18;282847;4783,22;0,18;20897,95;1869,48
2015;BRASIL;19;282846;5126,01;0,18;19599,05;2317,07
2015;BRASIL;20;282846;5374,35;0,14;24292,57;4850,12
2015;BRASIL;21;282847;5664,56;0,24;18962,68;1842,08
2015;BRASIL;22;282846;5964,97;0,22;19676,66;1605,86
2015;BRASIL;23;282847;6196,78;0,14;17339,81;1356,56
2015;BRASIL;24;282846;6403,23;0,23;17397,50;1309,87
2015;BRASIL;25;282846;6638,02;0,40;16837,01;1341,48
2015;BRASIL;26;282847;6792,03;0,27;16796,75;1840,48
2015;BRASIL;27;282846;6949,02;0,50;16124,00;1061,03
2015;BRASIL;28;282846;7134,95;0,43;14916,06;1036,86
2015;BRASIL;29;282847;7311,44;0,48;15072,59;980,25
2015;BRASIL;30;282846;7462,22;0,44;15517,95;843,55
2015;BRASIL;31;282846;7602,75;0,43;14967,27;766,35
2015;BRASIL;32;282847;7731,49;0,37;16121,24;1023,33
2015;BRASIL;33;282846;7812,37;0,33;15313,53;644,47
2015;BRASIL;34;282846;7893,94;0,28;16598,60;677,84
2015;BRASIL;35;282847;7928,97;0,12;16048,42;606,15
2015;BRASIL;36;282846;7950,13;0,11;14433,44;438,60
2015;BRASIL;37;282846;8011,46;3,23;15512,69;1944,89
2015;BRASIL;38;282847;8129,29;8,00;12627,21;747,38
2015;BRASIL;39;282846;8258,91;13,08;12487,01;628,53
2015;BRASIL;40;282846;8398,21;18,67;12850,68;707,89
2015;BRASIL;41;282847;8517,87;24,36;15249,05;1207,56
2015;BRASIL;42;282846;8656,23;29,10;12914,63;840,50
2015;BRASIL;43;282847;8800,89;35,19;13436,38;863,90
2015;BRASIL;44;282846;8951,73;41,64;13360,30;825,00
2015;BRASIL;45;282846;9107,03;48,51;13296,23;772,93
2015;BRASIL;46;282847;9265,80;55,58;13705,02;886,83
2015;BRASIL;47;282846;9428,30;63,23;14488,45;1056,44
2015;BRASIL;48;282846;9594,26;70,41;13665,61;819,19
2015;BRASIL;49;282847;9768,76;78,55;13946,33;944,75
2015;BRASIL;50;282846;9943,00;87,68;13696,05;865,59
2015;BRASIL;51;282846;10119,49;98,13;18195,05;1495,80
2015;BRASIL;52;282847;10275,59;104,30;14059,51;917,79
2015;BRASIL;53;282846;10463,81;113,47;14576,83;1069,90
2015;BRASIL;54;282846;10656,24;123,82;15769,27;1297,52
2015;BRASIL;55;282847;10852,81;133,11;14863,31;945,06
2015;BRASIL;56;282846;11059,61;144,62;15254,74;1060,12
2015;BRASIL;57;282846;11273,24;155,69;15741,62;945,68
2015;BRASIL;58;282847;11495,29;167,46;15877,42;1044,81
2015;BRASIL;59;282846;11729,58;179,80;15900,91;1118,68
2015;BRASIL;60;282846;11959,94;198,12;17903,87;1433,99
2015;BRASIL;61;282847;12208,53;219,61;17516,50;1107,01
2015;BRASIL;62;282846;12467,41;241,52;17654,66;1188,15
2015;BRASIL;63;282847;12737,11;267,07;19088,90;1515,04
2015;BRASIL;64;282846;13011,70;292,26;17695,05;1092,40
2015;BRASIL;65;282846;13299,90;321,03;18419,38;1292,20
2015;BRASIL;66;282847;13584,63;349,93;19801,39;1673,01
2015;BRASIL;67;282846;13877,83;375,46;19600,11;1292,06
2015;BRASIL;68;282846;14209,26;410,94;20706,83;1644,58
2015;BRASIL;69;282847;14560,27;444,85;22006,32;1591,97
2015;BRASIL;70;282846;14921,74;479,96;21381,36;1789,12
2015;BRASIL;71;282846;15290,10;522,00;22146,22;1827,14
2015;BRASIL;72;282847;15675,36;562,19;33433,39;5787,29
2015;BRASIL;73;282846;16025,65;609,21;26646,01;3653,60
2015;BRASIL;74;282846;16455,00;670,96;23642,84;1889,82
2015;BRASIL;75;282847;16904,58;735,40;26832,87;2913,12
2015;BRASIL;76;282846;17363,26;802,64;24823,59;2033,09
2015;BRASIL;77;282846;17869,08;884,69;26055,43;1979,83
2015;BRASIL;78;282847;18407,76;963,81;26907,24;2336,73
2015;BRASIL;79;282846;18977,97;1058,01;27091,33;2141,14
2015;BRASIL;80;282846;19606,83;1166,90;28844,02;2284,37
2015;BRASIL;81;282847;20292,95;1291,57;30039,07;2470,06
2015;BRASIL;82;282846;21026,57;1438,17;31045,39;2427,93
2015;BRASIL;83;282847;21840,86;1595,63;32705,18;2397,14
2015;BRASIL;84;282846;22724,14;1779,65;33365,47;2280,90
2015;BRASIL;85;282846;23675,76;1965,39;35063,97;2649,74
2015;BRASIL;86;282847;24724,38;2225,22;36805,07;2477,49
2015;BRASIL;87;282846;25884,88;2496,43;40423,60;2878,68
2015;BRASIL;88;282846;27183,91;2813,87;40937,64;2937,90
2015;BRASIL;89;282847;28641,18;3172,44;43351,95;2977,91
2015;BRASIL;90;282846;30281,28;3583,01;45977,38;3091,38
2015;BRASIL;91;282846;32139,17;4033,34;49695,89;2951,32
2015;BRASIL;92;282847;34301,93;4549,33;53595,44;3504,27
2015;BRASIL;93;282846;36837,82;5185,05;59082,23;3536,58
2015;BRASIL;94;282846;39984,74;5944,13;65079,08;4024,99
2015;BRASIL;95;282847;43952,49;6888,75;73038,43;4882,17
2015;BRASIL;96;282846;48958,07;8068,79;82834,69;4876,10
2015;BRASIL;97;282846;55728,21;9706,98;95837,64;6055,43
2015;BRASIL;98;282847;65769,56;12096,72;113908,51;7087,89
2015;BRASIL;99;282846;82163,13;15975,95;145098,30;10383,30
2015;BRASIL;100;282846;160405,82;34352,27;292874,74;35812,80
2016;BRASIL;1;289165;0,00;0,00;25106,95;3240,60
2016;BRASIL;2;289165;0,00;0,00;24655,31;2841,78
2016;BRASIL;3;289164;0,00;0,00;24493,82;3442,20
2016;BRASIL;4;289165;0,00;0,00;24873,53;2931,93
2016;BRASIL;5;289165;0,00;0,00;26773,74;2914,65
2016;BRASIL;6;289164;0,00;0,00;24608,92;3278,01
2016;BRASIL;7;289165;0,00;0,00;24700,15;2787,25
2016;BRASIL;8;289165;380,52;0,00;30434,81;3153,21
2016;BRASIL;9;289164;1547,11;0,06;26158,28;2582,81
2016;BRASIL;10;289165;2419,69;0,13;24182,83;2515,94
2016;BRASIL;11;289165;2978,44;0,06;28204,32;7297,38
2016;BRASIL;12;289164;3053,57;0,01;22126,49;7084,25
2016;BRASIL;13;289165;3065,18;0,03;23518,10;6459,33
2016;BRASIL;14;289165;3382,19;0,14;22978,65;3776,07
2016;BRASIL;15;289164;3852,51;0,18;24230,98;2685,29
2016;BRASIL;16;289165;4355,60;0,16;22118,97;2299,15
2016;BRASIL;17;289165;4834,65;0,26;22784,69;2042,79
2016;BRASIL;18;289164;5234,23;0,22;21454,51;2313,27
2016;BRASIL;19;289165;5609,54;0,28;21293,64;2018,51
2016;BRASIL;20;289165;5958,24;0,24;23930,86;2986,57
2016;BRASIL;21;289164;6181,20;0,17;23543,59;3667,45
2016;BRASIL;22;289165;6433,49;0,15;20426,23;1488,19
2016;BRASIL;23;289165;6638,97;0,23;20368,98;1462,33
2016;BRASIL;24;289164;6884,06;0,31;18910,88;1911,51
2016;BRASIL;25;289165;7021,85;0,38;18539,75;1557,20
2016;BRASIL;26;289165;7250,74;0,45;19867,83;1138,64
2016;BRASIL;27;289164;7464,31;0,50;17653,97;1261,79
2016;BRASIL;28;289165;7650,24;0,49;17282,50;1012,40
2016;BRASIL;29;289165;7823,23;0,44;16669,75;1067,83
2016;BRASIL;30;289164;7966,36;0,38;32978,06;1173,35
2016;BRASIL;31;289165;8075,87;0,35;17388,42;815,83
2016;BRASIL;32;289165;8157,38;0,32;17899,69;812,77
2016;BRASIL;33;289164;8222,89;0,16;19251,92;897,70
2016;BRASIL;34;289165;8245,02;0,09;16880,69;554,39
2016;BRASIL;35;289165;8277,41;1,33;15035,15;739,79
2016;BRASIL;36;289164;8392,74;6,51;13653,13;810,02
2016;BRASIL;37;289165;8535,25;12,21;14083,80;737,92
2016;BRASIL;38;289165;8671,82;18,54;16055,87;1273,97
2016;BRASIL;39;289164;8806,35;23,53;13970,43;830,40
2016;BRASIL;40;289165;8957,17;29,92;14315,37;925,04
2016;BRASIL;41;289165;9104,09;36,44;16600,38;1980,66
2016;BRASIL;42;289164;9244,55;42,06;14476,91;807,90
2016;BRASIL;43;289165;9401,59;48,76;13859,17;737,45
2016;BRASIL;44;289165;9564,96;56,21;15101,28;945,72
2016;BRASIL;45;289164;9730,56;63,64;15125,30;969,12
2016;BRASIL;46;289165;9900,89;71,42;14597,16;847,12
2016;BRASIL;47;289165;10074,98;80,17;15234,37;1080,51
2016;BRASIL;48;289164;10251,61;88,62;14305,00;838,62
2016;BRASIL;49;289165;10418,32;98,74;17963,61;1596,94
2016;BRASIL;50;289164;10589,99;105,12;14905,93;861,78
2016;BRASIL;51;289165;10776,51;114,91;15250,69;836,13
2016;BRASIL;52;289165;10973,27;124,75;15769,32;890,94
2016;BRASIL;53;289164;11175,06;135,34;15833,19;881,67
2016;BRASIL;54;289165;11384,00;146,37;15903,61;1059,87
2016;BRASIL;55;289165;11597,00;158,18;16506,40;1042,74
2016;BRASIL;56;289164;11816,09;169,03;16956,24;1263,37
2016;BRASIL;57;289165;12048,57;182,87;18504,13;1360,65
2016;BRASIL;58;289165;12268,62;194,80;113875,02;1273,94
2016;BRASIL;59;289164;12512,52;215,84;17909,69;1117,01
2016;BRASIL;60;289165;12769,82;238,43;18698,25;1061,62
2016;BRASIL;61;289165;13039,58;263,20;19744,92;1330,92
2016;BRASIL;62;289164;13321,35;289,60;19558,42;1302,18
2016;BRASIL;63;289165;13613,32;317,12;19357,99;1376,71
2016;BRASIL;64;289165;13902,05;347,14;21003,60;1705,92
2016;BRASIL;65;289164;14203,76;374,95;19710,18;1153,39
2016;BRASIL;66;289165;14521,42;403,31;20086,16;1451,63
2016;BRASIL;67;289165;14842,15;437,75;20841,83;1307,40
2016;BRASIL;68;289164;15188,18;475,99;22171,63;1619,55
2016;BRASIL;69;289165;15552,68;512,95;22384,76;1545,24
2016;BRASIL;70;289165;15930,80;548,35;22598,86;1397,31
2016;BRASIL;71;289164;16328,40;595,19;24930,24;2295,99
2016;BRASIL;72;289165;16759,41;657,36;25198,34;1669,07
2016;BRASIL;73;289165;17213,29;724,73;27094,64;2522,08
2016;BRASIL;74;289164;17660,62;785,09;30618,03;4085,67
2016;BRASIL;75;289165;18079,43;842,26;36199,08;5985,78
2016;BRASIL;76;289165;18564,13;925,23;27090,69;2352,85
2016;BRASIL;77;289164;19107,44;1007,94;28748,38;2411,42
2016;BRASIL;78;289165;19694,92;1104,18;31553,26;2067,77
2016;BRASIL;79;289165;20337,97;1217,68;31094,33;2493,57
2016;BRASIL;80;289164;21011,70;1343,27;32693,62;2911,44
2016;BRASIL;81;289165;21737,59;1480,78;32047,32;2288,27
2016;BRASIL;82;289165;22529,08;1644,34;33473,26;2365,28
2016;BRASIL;83;289164;23406,64;1818,66;35273,38;2367,21
2016;BRASIL;84;289165;24360,91;2020,80;37405,31;3033,89
2016;BRASIL;85;289165;25394,13;2248,97;37233,46;2633,58
2016;BRASIL;86;289164;26520,30;2537,39;44502,50;2680,41
2016;BRASIL;87;289165;27772,56;2831,75;41274,44;3078,14
2016;BRASIL;88;289165;29157,60;3171,98;44885,95;2861,54
2016;BRASIL;89;289164;30707,93;3559,64;46621,81;3005,44
2016;BRASIL;90;289165;32438,56;3990,01;48175,96;3136,02
2016;BRASIL;91;289165;34390,57;4456,43;52777,96;3394,17
2016;BRASIL;92;289164;36670,85;5005,92;60200,59;3727,30
2016;BRASIL;93;289165;39391,00;5671,26;62522,55;3797,84
2016;BRASIL;94;289165;42732,07;6471,63;70501,50;4172,09
2016;BRASIL;95;289164;46955,79;7472,47;78629,94;4707,55
2016;BRASIL;96;289165;52187,63;8730,63;89413,10;5577,01
2016;BRASIL;97;289165;59362,12;10442,70;102793,18;6283,66
2016;BRASIL;98;289164;69817,61;12912,26;123676,59;7841,36
2016;BRASIL;99;289165;86716,22;16880,41;155670,81;9430,32
2016;BRASIL;100;289164;170291,18;36495,90;312557,12;37686,52
2017;BRASIL;1;296032;0,00;0,00;32449,30;3285,34
2017;BRASIL;2;296032;0,00;0,01;27631,01;3535,41
2017;BRASIL;3;296032;0,00;0,01;28055,40;3191,67
2017;BRASIL;4;296032;0,00;0,06;34638,47;3191,50
2017;BRASIL;5;296032;0,00;0,00;28232,19;3306,90
2017;BRASIL;6;296032;0,00;0,01;29546,18;3203,73
2017;BRASIL;7;296032;0,00;0,00;28734,83;3243,68
2017;BRASIL;8;296032;399,95;0,03;35301,20;3152,06
2017;BRASIL;9;296032;1623,53;0,15;27179,97;2466,33
2017;BRASIL;10;296032;2540,52;0,15;26930,99;2631,66
2017;BRASIL;11;296032;3195,84;0,09;30443,54;6590,60
2017;BRASIL;12;296032;3325,48;0,02;29083,46;7869,57
2017;BRASIL;13;296031;3328,57;0,01;24961,69;7897,14
2017;BRASIL;14;296032;3497,64;0,11;25323,62;5042,17
2017;BRASIL;15;296032;3963,03;0,24;27126,58;3067,69
2017;BRASIL;16;296032;4490,67;0,24;24829,10;2522,49
2017;BRASIL;17;296032;5002,66;0,26;24857,64;2217,63
2017;BRASIL;18;296032;5415,74;0,31;23742,87;2633,82
2017;BRASIL;19;296032;5832,20;0,31;23804,63;1862,32
2017;BRASIL;20;296032;6218,35;0,24;23625,88;2136,80
2017;BRASIL;21;296032;6524,16;0,21;25461,99;3045,68
2017;BRASIL;22;296032;6707,32;0,13;25916,70;3997,72
2017;BRASIL;23;296032;6925,09;0,40;22055,53;1810,89
2017;BRASIL;24;296032;7119,51;0,32;21978,13;2254,79
2017;BRASIL;25;296031;7337,01;0,50;20836,60;1358,29
2017;BRASIL;26;296032;7573,50;0,52;20311,96;1320,09
2017;BRASIL;27;296032;7795,98;0,51;19083,46;1266,12
2017;BRASIL;28;296032;7994,34;0,47;18829,77;1131,54
2017;BRASIL;29;296032;8161,04;0,41;17946,40;871,00
2017;BRASIL;30;296032;8283,43;0,41;18452,39;966,74
2017;BRASIL;31;296032;8370,94;0,27;19750,33;774,86
2017;BRASIL;32;296032;8430,44;0,11;18872,57;723,49
2017;BRASIL;33;296032;8448,88;0,15;17613,53;604,72
2017;BRASIL;34;296032;8529,08;4,03;15315,46;782,00
2017;BRASIL;35;296032;8676,22;10,12;14856,21;853,89
2017;BRASIL;36;296032;8831,24;17,03;17947,30;1470,99
2017;BRASIL;37;296032;8962,47;21,98;32945,33;819,76
2017;BRASIL;38;296031;9123,47;28,71;15462,79;894,69
2017;BRASIL;39;296032;9284,91;35,76;15566,77;894,10
2017;BRASIL;40;296032;9451,17;42,93;17322,90;1032,89
2017;BRASIL;41;296032;9620,20;50,35;16463,58;872,83
2017;BRASIL;42;296032;9792,11;58,03;15821,38;928,04
2017;BRASIL;43;296032;9957,70;66,64;21850,64;2248,26
2017;BRASIL;44;296032;10123,23;73,29;15970,52;978,62
2017;BRASIL;45;296032;10301,16;81,85;15461,46;817,17
2017;BRASIL;46;296032;10474,62;90,63;15803,15;1053,01
2017;BRASIL;47;296032;10641,73;100,29;19012,36;1774,60
2017;BRASIL;48;296032;10808,66;107,21;15745,04;884,90
2017;BRASIL;49;296032;10997,98;116,95;15742,97;891,09
2017;BRASIL;50;296031;11191,81;126,03;18009,36;988,40
2017;BRASIL;51;296032;11393,08;136,34;16862,05;1032,16
2017;BRASIL;52;296032;11602,28;147,23;16967,81;995,16
2017;BRASIL;53;296032;11817,11;158,73;20056,10;1007,60
2017;BRASIL;54;296032;12033,71;169,69;17696,86;1036,35
2017;BRASIL;55;296032;12261,27;182,02;17919,17;1061,67
2017;BRASIL;56;296032;12486,89;196,09;20256,99;1373,74
2017;BRASIL;57;296032;12727,60;213,51;19405,52;1166,28
2017;BRASIL;58;296032;12981,53;236,69;21407,61;1185,57
2017;BRASIL;59;296032;13243,43;260,38;21476,00;1707,54
2017;BRASIL;60;296032;13513,09;286,03;21709,48;1451,93
2017;BRASIL;61;296032;13800,89;313,35;20528,48;1337,70
2017;BRASIL;62;296032;14100,89;344,46;23238,64;1867,15
2017;BRASIL;63;296031;14394,16;370,29;20855,32;1324,45
2017;BRASIL;64;296032;14714,11;402,63;21376,30;1306,51
2017;BRASIL;65;296032;15036,53;432,17;21892,04;1294,07
2017;BRASIL;66;296032;15376,06;469,77;23585,65;1245,49
2017;BRASIL;67;296032;15727,09;505,13;23641,42;1435,71
2017;BRASIL;68;296032;16094,67;545,19;23674,30;1559,44
2017;BRASIL;69;296032;16485,53;584,00;24820,99;1889,67
2017;BRASIL;70;296032;16889,24;636,23;24595,92;1466,67
2017;BRASIL;71;296032;17323,96;698,22;26102,88;1561,09
2017;BRASIL;72;296032;17767,92;764,87;29824,35;2467,59
2017;BRASIL;73;296032;18239,39;832,32;28615,99;2505,45
2017;BRASIL;74;296032;18746,22;912,28;28332,25;1815,58
2017;BRASIL;75;296031;19282,48;995,82;30859,36;2657,09
2017;BRASIL;76;296032;19768,14;1068,83;44174,43;8452,35
2017;BRASIL;77;296032;20343,33;1156,01;33942,47;2536,39
2017;BRASIL;78;296032;20977,30;1266,91;32216,69;2532,65
2017;BRASIL;79;296032;21637,47;1397,93;32883,21;4248,68
2017;BRASIL;80;296032;22363,18;1541,74;34435,93;2475,06
2017;BRASIL;81;296032;23160,20;1704,22;36252,06;3210,91
2017;BRASIL;82;296032;24031,50;1871,92;36526,88;2696,12
2017;BRASIL;83;296032;24962,79;2076,81;39005,22;2824,08
2017;BRASIL;84;296032;26000,89;2320,36;39925,87;2850,79
2017;BRASIL;85;296032;27110,74;2589,12;41103,29;2762,75
2017;BRASIL;86;296032;28326,40;2858,45;43264,25;3235,54
2017;BRASIL;87;296032;29652,44;3190,43;46873,11;2884,56
2017;BRASIL;88;296031;31154,84;3568,09;48819,72;3057,28
2017;BRASIL;89;296032;32838,68;3981,58;49010,80;3155,62
2017;BRASIL;90;296032;34699,37;4439,72;54010,08;3523,93
2017;BRASIL;91;296032;36816,87;4954,96;57850,87;3542,94
2017;BRASIL;92;296032;39266,32;5551,71;61920,09;3917,61
2017;BRASIL;93;296032;42248,05;6282,66;66975,71;4309,71
2017;BRASIL;94;296032;45819,19;7139,04;74709,00;4027,36
2017;BRASIL;95;296032;50311,98;8192,02;99094,46;4871,23
2017;BRASIL;96;296032;56092,79;9568,47;97673,29;5692,32
2017;BRASIL;97;296032;63643,35;11335,35;110851,74;6268,55
2017;BRASIL;98;296032;74876,77;14006,51;136033,84;8153,22
2017;BRASIL;99;296032;93593,27;18391,72;167339,57;9122,89
2017;BRASIL;100;296031;178140,53;38076,98;332674,26;31792,31
2018;BRASIL;1;304525;0,00;0,09;31353,03;3850,21
2018;BRASIL;2;304524;0,00;0,02;29861,31;3991,55
2018;BRASIL;3;304525;0,00;0,03;34027,60;5079,46
2018;BRASIL;4;304524;0,00;0,04;31481,82;3883,61
2018;BRASIL;5;304524;0,00;0,03;33537,57;3767,53
2018;BRASIL;6;304525;0,00;0,06;32465,33;4092,49
2018;BRASIL;7;304524;0,02;0,01;28435,63;3661,72
2018;BRASIL;8;304524;618,39;0,04;40574,00;3950,00
2018;BRASIL;9;304525;1885,74;0,08;31964,28;2852,12
2018;BRASIL;10;304524;2799,90;0,15;29055,90;2649,51
2018;BRASIL;11;304524;3406,60;0,07;35395,44;9140,37
2018;BRASIL;12;304525;3485,96;0,01;29122,75;8783,38
2018;BRASIL;13;304524;3494,72;0,03;28800,82;8029,83
2018;BRASIL;14;304524;3748,55;0,15;27681,14;5179,98
2018;BRASIL;15;304525;4287,60;0,20;28054,91;3166,30
2018;BRASIL;16;304524;4829,94;0,28;27481,66;2573,66
2018;BRASIL;17;304524;5340,34;0,24;26073,39;2914,62
2018;BRASIL;18;304525;5748,84;0,28;26373,06;2345,03
2018;BRASIL;19;304524;6192,91;0,27;25403,85;2374,86
2018;BRASIL;20;304524;6568,06;0,23;25353,65;1955,89
2018;BRASIL;21;304525;6868,02;0,20;24283,78;2167,33
2018;BRASIL;22;304524;7032,40;0,27;31148,35;5793,67
2018;BRASIL;23;304524;7272,69;0,46;23877,43;2654,91
2018;BRASIL;24;304525;7450,01;0,57;23292,49;1674,94
2018;BRASIL;25;304524;7707,00;0,60;21610,79;1570,38
2018;BRASIL;26;304524;7951,62;0,53;21814,59;1511,98
2018;BRASIL;27;304525;8159,91;0,59;20728,84;1535,21
2018;BRASIL;28;304524;8352,52;0,50;20281,87;1020,60
2018;BRASIL;29;304524;8485,93;0,54;19413,51;1077,26
2018;BRASIL;30;304525;8590,87;0,37;22864,19;880,98
2018;BRASIL;31;304524;8665,57;0,21;21359,83;898,25
2018;BRASIL;32;304524;8687,47;0,10;19583,80;713,77
2018;BRASIL;33;304525;8746,51;2,93;15942,54;856,62
2018;BRASIL;34;304524;8896,16;9,36;15952,59;903,69
2018;BRASIL;35;304524;9055,27;15,63;15690,22;912,52
2018;BRASIL;36;304525;9188,34;22,07;18890,71;1474,61
2018;BRASIL;37;304524;9350,09;28,00;16518,48;1032,25
2018;BRASIL;38;304524;9516,05;35,28;16350,70;970,54
2018;BRASIL;39;304525;9685,22;42,63;16590,16;1097,12
2018;BRASIL;40;304524;9857,85;50,02;17336,44;1096,22
2018;BRASIL;41;304524;10036,21;57,85;16787,29;982,93
2018;BRASIL;42;304525;10216,10;66,74;17286,25;1042,50
2018;BRASIL;43;304524;10395,28;74,96;20341,34;2340,86
2018;BRASIL;44;304524;10568,73;83,26;18612,09;1110,06
2018;BRASIL;45;304525;10754,53;92,35;17274,35;1044,93
2018;BRASIL;46;304524;10933,31;102,89;24099,25;1975,29
2018;BRASIL;47;304524;11102,55;109,43;16885,58;998,19
2018;BRASIL;48;304525;11298,91;119,09;18077,26;1049,40
2018;BRASIL;49;304524;11500,04;129,06;17592,14;1057,01
2018;BRASIL;50;304524;11704,16;139,89;18171,24;1159,66
2018;BRASIL;51;304525;11913,23;150,42;18075,73;1072,33
2018;BRASIL;52;304524;12134,62;162,51;23077,39;1108,34
2018;BRASIL;53;304525;12361,36;174,10;19283,89;1133,60
2018;BRASIL;54;304524;12599,23;186,48;19933,16;1115,12
2018;BRASIL;55;304524;12834,35;200,87;21686,92;1522,85
2018;BRASIL;56;304525;13082,49;218,96;20529,86;1458,81
2018;BRASIL;57;304524;13343,17;242,91;20877,85;1206,00
2018;BRASIL;58;304524;13608,16;266,16;21697,44;1386,94
2018;BRASIL;59;304525;13881,71;292,09;22696,21;1925,97
2018;BRASIL;60;304524;14171,53;319,57;21669,68;1901,24
2018;BRASIL;61;304524;14479,64;352,22;24054,91;1738,58
2018;BRASIL;62;304525;14774,37;380,50;22953,21;1564,36
2018;BRASIL;63;304524;15105,94;413,75;23106,26;1582,99
2018;BRASIL;64;304524;15440,83;445,73;23197,41;1485,51
2018;BRASIL;65;304525;15793,36;484,80;24212,99;1632,40
2018;BRASIL;66;304524;16164,23;521,57;25201,20;1778,17
2018;BRASIL;67;304524;16541,35;562,63;25032,09;1690,62
2018;BRASIL;68;304525;16941,24;603,60;25913,94;1834,47
2018;BRASIL;69;304524;17354,66;656,71;26396,01;1811,96
2018;BRASIL;70;304524;17788,10;719,35;27235,96;1712,75
2018;BRASIL;71;304525;18235,00;785,52;30977,93;2653,10
2018;BRASIL;72;304524;18696,02;851,70;31246,18;2265,40
2018;BRASIL;73;304524;19196,45;928,21;29797,78;2198,93
2018;BRASIL;74;304525;19738,23;1012,13;29133,17;2054,23
2018;BRASIL;75;304524;20297,82;1103,93;33444,33;3375,17
2018;BRASIL;76;304524;20811,04;1175,78;48550,97;9495,00
2018;BRASIL;77;304525;21421,69;1287,07;32972,28;2837,54
2018;BRASIL;78;304524;22082,43;1410,49;35285,43;4528,96
2018;BRASIL;79;304524;22799,24;1550,28;35566,18;2785,65
2018;BRASIL;80;304525;23562,84;1704,78;36251,86;2629,74
2018;BRASIL;81;304524;24389,75;1870,27;38737,70;3371,88
2018;BRASIL;82;304524;25304,13;2063,10;39598,46;2951,30
2018;BRASIL;83;304525;26290,93;2289,77;40962,05;2994,60
2018;BRASIL;84;304524;27371,53;2540,53;42379,99;3311,69
2018;BRASIL;85;304524;28545,52;2825,54;44983,88;3303,38
2018;BRASIL;86;304525;29853,80;3148,59;45979,01;3083,47
2018;BRASIL;87;304524;31275,53;3470,42;47924,59;3337,10
2018;BRASIL;88;304524;32852,15;3865,97;50426,00;3348,64
2018;BRASIL;89;304525;34619,10;4304,03;51880,06;3322,69
2018;BRASIL;90;304524;36561,52;4778,19;59458,33;3837,64
2018;BRASIL;91;304524;38778,22;5318,68;59682,97;3727,60
2018;BRASIL;92;304525;41408,93;5964,18;66939,52;4452,61
2018;BRASIL;93;304524;44568,78;6732,88;72512,28;4347,42
2018;BRASIL;94;304524;48290,34;7612,67;78057,43;4625,82
2018;BRASIL;95;304525;53018,00;8733,53;91703,97;5895,22
2018;BRASIL;96;304524;59209,66;10178,73;101739,32;6037,20
2018;BRASIL;97;304524;67161,67;12043,83;115241,33;6391,75
2018;BRASIL;98;304525;78979,75;14851,33;141623,51;8875,54
2018;BRASIL;99;304524;98850,96;19442,81;179544,25;11631,17
2018;BRASIL;100;304524;188264,10;40325,81;356061,19;41865,80
2019;BRASIL;1;304986;0,00;0,01;37739,71;4703,54
2019;BRASIL;2;304985;0,00;0,02;34061,40;4360,39
2019;BRASIL;3;304985;0,00;0,07;63991,56;4455,38
2019;BRASIL;4;304985;0,00;0,11;38781,32;5138,75
2019;BRASIL;5;304985;0,00;0,06;34495,76;4916,31
2019;BRASIL;6;304985;0,00;0,00;34520,80;4558,87
2019;BRASIL;7;304986;18,09;0,00;37250,37;4559,06
2019;BRASIL;8;304985;925,06;0,03;39718,39;3770,47
2019;BRASIL;9;304985;2116,75;0,23;30449,42;3058,28
2019;BRASIL;10;304985;3005,74;0,16;31292,00;3416,67
2019;BRASIL;11;304985;3573,45;0,09;49400,33;10406,62
2019;BRASIL;12;304985;3651,84;0,01;30891,82;9537,56
2019;BRASIL;13;304986;3654,58;0,01;31800,11;10461,38
2019;BRASIL;14;304985;3920,49;0,17;31715,86;4543,86
2019;BRASIL;15;304985;4482,93;0,21;30003,77;3617,65
2019;BRASIL;16;304985;5036,33;0,26;29425,82;3070,03
2019;BRASIL;17;304985;5511,32;0,27;33511,60;3204,83
2019;BRASIL;18;304985;5955,79;0,30;27822,35;2712,48
2019;BRASIL;19;304986;6393,35;0,32;27426,57;2299,17
2019;BRASIL;20;304985;6753,26;0,27;26534,27;2230,35
2019;BRASIL;21;304985;7032,69;0,36;26548,46;2480,54
2019;BRASIL;22;304985;7287,07;0,25;35237,58;7015,16
2019;BRASIL;23;304985;7396,93;0,37;26074,36;2721,63
2019;BRASIL;24;304985;7662,77;0,53;24545,18;1976,23
2019;BRASIL;25;304985;7922,71;0,51;23689,05;1850,71
2019;BRASIL;26;304986;8139,69;0,53;24182,39;1773,19
2019;BRASIL;27;304985;8346,22;0,52;23987,87;1254,35
2019;BRASIL;28;304985;8489,13;0,45;21357,31;1229,23
2019;BRASIL;29;304985;8598,37;0,36;23215,57;1034,63
2019;BRASIL;30;304985;8679,22;0,16;24408,06;1148,83
2019;BRASIL;31;304985;8701,63;0,10;21256,33;862,12
2019;BRASIL;32;304986;8779,93;3,94;16994,91;1264,87
2019;BRASIL;33;304985;8943,21;10,70;16599,06;965,71
2019;BRASIL;34;304985;9108,72;18,16;20702,04;2043,13
2019;BRASIL;35;304985;9249,30;23,42;16463,63;953,31
2019;BRASIL;36;304985;9421,81;30,53;18159,76;989,87
2019;BRASIL;37;304985;9592,85;38,19;17302,75;1072,11
2019;BRASIL;38;304986;9769,10;45,61;17499,69;1333,63
2019;BRASIL;39;304985;9946,86;53,59;18083,34;1047,51
2019;BRASIL;40;304985;10127,84;61,82;18300,73;1393,40
2019;BRASIL;41;304985;10310,84;70,45;18193,53;1227,96
2019;BRASIL;42;304985;10499,67;78,64;18202,73;1098,66
2019;BRASIL;43;304985;10689,35;88,38;18592,37;1155,78
2019;BRASIL;44;304986;10882,15;98,12;21234,69;2674,77
2019;BRASIL;45;304985;11031,25;106,83;23207,23;2501,29
2019;BRASIL;46;304985;11227,08;114,66;18253,80;1186,66
2019;BRASIL;47;304985;11429,29;124,64;18852,56;1153,52
2019;BRASIL;48;304985;11638,93;135,16;20126,30;1239,03
2019;BRASIL;49;304985;11848,46;145,76;19382,39;1149,82
2019;BRASIL;50;304985;12068,47;157,44;23351,01;1247,76
2019;BRASIL;51;304986;12290,46;169,39;19848,77;1251,68
2019;BRASIL;52;304985;12520,53;181,28;21182,77;1616,56
2019;BRASIL;53;304985;12753,67;194,38;22812,53;1831,94
2019;BRASIL;54;304985;12986,25;208,76;20750,74;1304,34
2019;BRASIL;55;304985;13242,26;230,97;21779,46;1411,16
2019;BRASIL;56;304985;13506,98;254,93;22023,43;1349,43
2019;BRASIL;57;304986;13778,07;279,85;22979,00;1509,54
2019;BRASIL;58;304985;14055,81;305,74;23164,36;1495,47
2019;BRASIL;59;304985;14352,61;334,94;23214,07;1639,23
2019;BRASIL;60;304985;14640,97;365,54;27243,64;2667,60
2019;BRASIL;61;304985;14943,64;394,23;23824,04;1520,85
2019;BRASIL;62;304985;15273,63;424,47;24052,65;1830,28
2019;BRASIL;63;304986;15604,61;460,79;24151,18;1631,64
2019;BRASIL;64;304985;15958,26;498,50;25617,67;1830,95
2019;BRASIL;65;304985;16328,93;537,72;26392,33;2042,25
2019;BRASIL;66;304985;16701,43;575,65;25476,55;1794,15
2019;BRASIL;67;304985;17100,88;620,16;26856,12;1845,35
2019;BRASIL;68;304985;17524,73;679,22;27333,04;1841,19
2019;BRASIL;69;304986;17967,23;741,32;28185,46;1703,45
2019;BRASIL;70;304985;18397,03;809,05;32240,26;3250,89
2019;BRASIL;71;304985;18860,80;878,23;31114,87;2301,33
2019;BRASIL;72;304985;19355,34;947,57;32933,27;2334,23
2019;BRASIL;73;304985;19872,38;1026,60;32834,64;2565,93
2019;BRASIL;74;304985;20424,44;1114,40;33112,33;2813,19
2019;BRASIL;75;304985;20997,09;1207,32;33902,36;3050,03
2019;BRASIL;76;304986;21518,91;1281,20;50666,05;10327,40
2019;BRASIL;77;304985;22133,26;1412,44;37632,30;3539,04
2019;BRASIL;78;304985;22835,66;1556,51;37001,35;2799,27
2019;BRASIL;79;304985;23597,11;1711,32;37943,52;3101,76
2019;BRASIL;80;304985;24414,89;1863,98;38989,68;3133,92
2019;BRASIL;81;304985;25282,41;2047,59;42440,10;4412,59
2019;BRASIL;82;304986;26220,48;2258,61;41663,14;3147,38
2019;BRASIL;83;304985;27254,78;2509,89;43335,42;3333,18
2019;BRASIL;84;304985;28380,03;2775,20;45790,14;3565,12
2019;BRASIL;85;304985;29618,48;3071,10;46623,53;3689,42
2019;BRASIL;86;304985;30974,54;3393,64;48437,28;3636,96
2019;BRASIL;87;304985;32492,03;3762,81;51263,16;3554,86
2019;BRASIL;88;304986;34135,86;4140,13;52235,46;3543,15
2019;BRASIL;89;304985;35943,08;4600,29;56411,59;4083,76
2019;BRASIL;90;304985;37958,57;5090,77;58061,34;3995,07
2019;BRASIL;91;304985;40287,89;5653,05;62995,63;4105,39
2019;BRASIL;92;304985;43101,55;6356,30;74043,53;4516,60
2019;BRASIL;93;304985;46318,09;7120,08;75468,83;4921,84
2019;BRASIL;94;304986;50189,38;8033,97;82313,81;5102,13
2019;BRASIL;95;304985;55102,66;9187,48;94130,37;6063,00
2019;BRASIL;96;304985;61572,15;10693,38;104988,38;6765,67
2019;BRASIL;97;304985;69759,98;12605,50;121096,49;7647,66
2019;BRASIL;98;304985;81898,20;15478,65;151765,07;10515,56
2019;BRASIL;99;304985;102983,35;20404,21;188214,39;13415,36
2019;BRASIL;100;304985;199975,86;42964,02;381402,21;43736,42
2020;BRASIL;1;316349;0,00;0,09;38909,27;4971,46
2020;BRASIL;2;316348;0,00;0,07;37867,76;5276,95
2020;BRASIL;3;316349;0,00;0,01;36898,91;4733,55
2020;BRASIL;4;316348;0,00;0,04;37209,91;4838,44
2020;BRASIL;5;316349;0,00;0,07;37977,60;5007,19
2020;BRASIL;6;316348;0,00;0,08;37612,14;5168,59
2020;BRASIL;7;316349;1,18;0,01;38318,97;5119,06
2020;BRASIL;8;316348;660,16;0,11;41863,23;4084,95
2020;BRASIL;9;316348;1441,23;0,41;25810,17;2268,38
2020;BRASIL;10;316349;2319,08;0,09;30068,15;2746,53
2020;BRASIL;11;316348;3121,93;0,18;29331,47;2606,93
2020;BRASIL;12;316349;3738,08;0,10;28451,26;3952,28
2020;BRASIL;13;316348;3955,65;0,02;49932,67;17100,07
2020;BRASIL;14;316349;3965,73;0,01;35934,16;11094,04
2020;BRASIL;15;316348;4071,70;0,09;30447,06;5226,59
2020;BRASIL;16;316348;4515,87;0,13;31874,55;3737,23
2020;BRASIL;17;316349;4970,58;0,15;27589,06;2752,88
2020;BRASIL;18;316348;5391,29;0,21;27317,92;2946,01
2020;BRASIL;19;316349;5756,31;0,20;32568,89;3210,66
2020;BRASIL;20;316348;6122,20;0,18;26967,76;2429,11
2020;BRASIL;21;316349;6470,58;0,23;24901,40;2004,71
2020;BRASIL;22;316348;6775,44;0,13;24373,48;1801,88
2020;BRASIL;23;316348;7016,33;0,17;22721,13;1759,13
2020;BRASIL;24;316349;7252,72;0,24;26745,62;2240,82
2020;BRASIL;25;316348;7547,94;0,32;32935,05;3909,14
2020;BRASIL;26;316349;7800,31;0,38;32108,52;4434,33
2020;BRASIL;27;316348;8003,46;0,44;33477,95;5746,30
2020;BRASIL;28;316349;8268,33;0,61;32610,29;2090,49
2020;BRASIL;29;316348;8516,51;0,64;25523,68;1928,80
2020;BRASIL;30;316348;8740,07;0,66;26539,02;1759,18
2020;BRASIL;31;316349;8909,71;0,49;28818,42;1705,19
2020;BRASIL;32;316348;9015,48;0,40;32623,60;1637,66
2020;BRASIL;33;316349;9128,80;5,11;18003,61;1147,47
2020;BRASIL;34;316348;9310,42;13,05;18543,03;1075,45
2020;BRASIL;35;316349;9481,43;21,05;21417,83;1764,25
2020;BRASIL;36;316348;9642,14;27,98;19364,36;1350,82
2020;BRASIL;37;316348;9818,99;36,36;18086,43;1117,20
2020;BRASIL;38;316349;9997,16;44,46;19078,12;1273,93
2020;BRASIL;39;316348;10180,75;53,34;18497,86;1413,87
2020;BRASIL;40;316349;10367,17;62,05;19229,73;1170,22
2020;BRASIL;41;316348;10558,04;71,64;18981,39;1316,29
2020;BRASIL;42;316349;10750,71;81,04;19109,57;1089,74
2020;BRASIL;43;316348;10947,43;90,87;19446,12;1291,41
2020;BRASIL;44;316348;11147,04;101,06;19748,13;1312,52
2020;BRASIL;45;316349;11344,42;111,71;24724,51;2632,10
2020;BRASIL;46;316348;11527,08;120,54;20771,33;1597,60
2020;BRASIL;47;316349;11738,39;131,27;21087,14;1381,57
2020;BRASIL;48;316348;11941,33;141,65;24373,70;3073,17
2020;BRASIL;49;316349;12161,98;153,46;21096,70;1373,20
2020;BRASIL;50;316348;12389,39;165,22;21762,52;1350,50
2020;BRASIL;51;316348;12626,12;178,25;25961,53;1617,14
2020;BRASIL;52;316349;12867,39;191,19;22230,34;1300,33
2020;BRASIL;53;316348;13120,51;204,44;23007,56;1453,23
2020;BRASIL;54;316349;13368,27;218,45;25584,33;2072,69
2020;BRASIL;55;316348;13630,09;240,08;24686,43;1562,24
2020;BRASIL;56;316349;13901,81;265,44;25095,29;1551,75
2020;BRASIL;57;316348;14184,14;292,73;25167,28;1627,33
2020;BRASIL;58;316348;14478,93;321,22;24719,63;1761,87
2020;BRASIL;59;316349;14788,64;352,45;25000,33;1506,08
2020;BRASIL;60;316348;15104,16;385,60;28696,87;2573,17
2020;BRASIL;61;316349;15413,30;415,50;27204,34;1987,35
2020;BRASIL;62;316348;15753,82;450,07;28987,21;2349,91
2020;BRASIL;63;316349;16099,95;486,98;28890,44;1737,04
2020;BRASIL;64;316348;16475,51;526,81;27943,99;1903,89
2020;BRASIL;65;316348;16866,31;567,29;27838,66;1911,58
2020;BRASIL;66;316349;17264,89;611,08;30735,88;2384,87
2020;BRASIL;67;316348;17680,37;656,41;29843,28;2015,24
2020;BRASIL;68;316349;18122,49;715,81;30110,02;2008,52
2020;BRASIL;69;316348;18581,49;784,68;29985,43;1789,89
2020;BRASIL;70;316349;19040,02;853,51;34552,39;3625,40
2020;BRASIL;71;316348;19531,15;929,01;33624,22;2633,95
2020;BRASIL;72;316348;20054,33;1011,94;34113,59;2513,55
2020;BRASIL;73;316349;20602,75;1099,51;35553,85;2151,09
2020;BRASIL;74;316348;21163,74;1180,47;39074,30;2962,66
2020;BRASIL;75;316349;21766,05;1280,38;35484,40;2578,78
2020;BRASIL;76;316348;22409,54;1391,92;38067,52;3872,25
2020;BRASIL;77;316349;23035,86;1494,86;58685,72;12264,08
2020;BRASIL;78;316348;23665,52;1635,79;42422,79;4146,62
2020;BRASIL;79;316348;24462,87;1802,74;42092,12;3511,20
2020;BRASIL;80;316349;25334,03;1976,88;43763,79;3503,38
2020;BRASIL;81;316348;26280,91;2176,61;45247,70;4338,59
2020;BRASIL;82;316349;27262,14;2394,70;46833,37;4041,13
2020;BRASIL;83;316348;28329,61;2641,12;57705,41;3373,06
2020;BRASIL;84;316349;29504,70;2930,18;49263,60;3763,28
2020;BRASIL;85;316348;30812,67;3252,32;50891,33;3888,54
2020;BRASIL;86;316348;32238,84;3590,96;53756,80;3804,73
2020;BRASIL;87;316349;33824,42;3963,32;55033,14;4010,21
2020;BRASIL;88;316348;35564,69;4393,85;57956,33;4237,39
2020;BRASIL;89;316349;37501,84;4856,26;61128,62;4779,22
2020;BRASIL;90;316348;39616,92;5350,20;62627,15;3886,21
2020;BRASIL;91;316349;42035,59;5928,88;67127,35;4532,78
2020;BRASIL;92;316348;44938,65;6640,58;74521,23;4889,28
2020;BRASIL;93;316348;48288,18;7455,89;79057,05;5062,74
2020;BRASIL;94;316349;52320,30;8401,31;105846,44;4963,66
2020;BRASIL;95;316348;57436,56;9592,73;101663,14;6191,14
2020;BRASIL;96;316349;64265,43;11172,93;116984,82;8068,92
2020;BRASIL;97;316348;72783,35;13096,79;132141,27;7610,23
2020;BRASIL;98;316349;85199,98;16011,31;161924,43;9407,63
2020;BRASIL;99;316348;107020,58;21069,02;204495,71;11956,78
2020;BRASIL;100;316348;212033,29;45957,40;415722,65;45567,30
